470
1129
941
888
890
332
1670
1606
270
1867
901
164
144
1795
476
1897
598
580
971
1970
322
107
260
1584
1062
913
154
1904
921
1684
321
1188
100
1938
1403
1610
830
1522
953
1709
725
190
390
311
366
1292
1763
1244
699
588
199
504
652
1428
1898
1945
1469
881
823
528
1539
1295
1212
1962
1784
588
1780
124
359
1197
483
543
1507
347
1813
435
235
464
1240
551
1925
1827
149
1033
1464
1823
78
533
1300
1539
1107
1865
70
361
1807
1994
668
1914
904
1044
1663
1848
1741
760
626
1704
1104
821
1543
173
650
77
1039
112
1705
1384
631
309
515
1972
1152
1848
584
1402
1523
560
221
1656
581
1667
995
1192
1931
460
860
222
895
1386
1047
362
1010
1817
1512
1391
1918
127
827
583
254
1199
1226
110
1976
1319
1321
70
974
383
1434
759
869
1303
1500
1890
202
1606
685
896
1964
261
245
1915
1009
542
408
632
475
1662
1536
207
107
672
1464
307
428
1286
997
177
699
429
1748
1585
734
381
1975
299
710
1296
149
32
1992
717
1718
1407
85
1941
1733
1252
1391
906
48
833
185
1965
705
628
1715
1878
184
1121
1687
25
956
154
843
205
1598
1514
446
211
1016
1391
1039
1767
1329
1500
1071
1379
934
140
1
938
472
297
1523
1735
556
890
1080
595
524
1033
1557
1311
830
429
1492
874
772
815
261
457
634
720
1138
1118
125
1804
1192
1290
1922
398
1979
562
349
119
638
251
1590
954
940
1185
1484
1372
1642
813
319
376
494
124
436
53
536
490
627
1204
1006
1013
1030
1702
531
994
1423
1084
1253
613
1745
294
1235
1714
437
357
1289
254
207
1940
494
797
1050
1264
1310
1490
1201
774
115
1776
1540
850
269
809
967
257
134
319
1340
1537
255
689
1226
365
206
1494
927
1934
1388
1401
614
446
1203
731
1401
1643
1480
456
1005
202
1931
967
1374
509
1376
1541
1249
5
777
1490
215
605
1048
1393
41
1902
1060
1458
264
759
10
813
719
19
1361
266
375
1039
97
863
888
1564
1723
1249
1981
687
1011
816
1844
1157
1688
510
1613
251
1941
1151
374
1915
1032
569
579
335
218
1846
951
428
1042
598
970
1855
1941
1254
844
315
1810
888
2
1092
598
1082
387
94
1978
67
94
1632
586
627
1131
731
142
1406
533
65
597
612
1984
1937
384
1374
411
1909
1231
1710
749
532
802
1221
1243
1337
543
1881
540
1130
1344
412
859
1945
292
1668
1025
52
699
400
1711
211
1816
1824
1018
594
895
27
1855
1130
522
1732
1599
1833
1273
196
777
486
1230
862
559
1813
1207
1829
1006
1664
1546
1105
1875
988
15
130
1933
287
234
1931
656
1056
230
383
757
1352
1521
1437
1204
876
872
997
1152
1558
592
1873
1327
913
1970
1178
1841
1610
1304
260
740
387
1189
1288
151
1209
358
152
959
236
1982
1644
201
1627
1265
1427
1097
565
473
1225
883
1651
1754
1039
1020
1801
1974
1423
198
1923
1359
932
202
259
1990
1793
1645
432
1782
1276
517
1672
754
1481
1807
84
588
1952
1889
297
972
969
7
343
1185
1694
1275
250
543
552
1473
470
274
451
1874
1637
756
1283
493
602
473
1211
966
1237
1027
310
706
1869
1543
1595
1956
286
783
39
1943
284
1926
1776
103
1212
165
716
1789
562
23
1368
422
442
1184
1631
1005
582
1478
277
1801
1175
514
1668
1634
1201
1302
374
1444
1195
1464
1144
962
1511
1752
998
657
715
350
1634
262
1225
1000
758
777
934
341
436
1074
129
1714
752
1725
1530
859
1175
1061
1164
1302
1829
1364
589
1903
1976
312
1272
749
349
478
1402
1776
1020
892
1819
571
390
779
1610
307
340
1346
1766
1936
1326
1279
1815
736
1288
611
1444
1119
53
34
1154
543
1326
1840
1124
1334
727
1532
908
957
944
1276
819
1276
304
108
838
541
589
412
668
847
1353
1348
152
708
1343
1349
137
1102
1489
264
76
897
1165
1251
1320
791
1307
1114
289
1442
412
1939
1527
474
1845
524
1305
133
1876
58
88
1971
339
858
680
664
1045
923
509
665
556
222
457
557
1169
831
1250
1959
968
897
243
535
1823
1954
427
998
815
1459
1885
1384
1078
764
618
1111
1342
1193
1224
1894
1970
1016
1116
85
637
1027
1854
1004
1846
1800
1749
1879
766
1428
769
630
871
1127
229
734
1518
1888
1045
1518
1327
1917
928
37
169
367
1142
54
593
1706
178
1234
1523
642
1586
344
1899
187
1948
1901
649
491
1805
1281
1891
431
1907
1057
1684
606
1017
1986
1511
747
307
200
1049
1031
1156
1795
1602
961
657
507
657
28
891
552
1345
1246
1651
451
290
1281
109
1617
1478
1671
1580
778
1316
1800
1802
1792
873
469
1439
836
1897
937
1957
1330
950
575
191
500
853
1740
371
171
823
963
1972
1852
810
1181
1152
217
1231
934
3
911
796
1343
1933
1709
406
1549
718
564
1541
1298
1529
519
1549
442
1347
1531
1308
1587
551
835
1340
1608
128
1752
1101
1200
635
1526
1879
297
966
1284
913
1944
1835
48
497
569
1015
496
1004
1795
1108
1526
1308
1514
1249
743
1420
202
226
345
479
1110
1351
1525
864
1018
982
1202
805
440
324
780
729
1235
814
1685
42
1851
1411
1660
1426
1456
74
950
1869
437
932
795
1611
1796
456
856
345
1799
397
873
1515
1880
1244
883
1154
356
1203
1891
1192
980
398
174
1390
326
571
233
406
852
1864
408
953
624
563
784
78
528
823
236
1817
1109
1793
1355
946
1871
974
97
554
353
574
599
213
275
1730
1741
1965
1858
327
122
333
1228
591
1169
253
1207
1525
1701
158
1999
1864
800
1373
363
1793
1347
1674
1033
450
968
1151
1896
1474
920
953
197
812
758
1088
758
471
582
1707
430
510
1239
1713
690
923
317
1476
1495
1682
710
513
1241
589
1862
1665
943
1635
453
1140
1989
621
1932
184
80
994
1955
654
37
414
237
1212
1030
139
1252
565
711
879
484
811
1240
689
1567
1374
622
887
818
1112
731
1245
621
588
458
491
127
1796
741
1303
824
874
1621
1248
1088
702
1945
119
1582
1348
938
978
303
503
197
177
87
1744
1941
1244
997
79
897
605
718
1517
1435
1894
1770
1282
164
1043
751
1563
367
183
508
457
321
959
658
1102
485
1019
1595
1789
961
467
1652
840
1575
1847
1611
666
195
1332
936
647
651
1928
1894
1714
1844
1872
1372
838
1962
947
1215
184
1874
1657
1085
1183
1725
808
1313
758
356
990
563
1883
15
357
601
1865
1631
1399
1443
1276
1428
1253
1837
1989
1636
1504
659
1906
1688
1940
804
1271
1609
913
1244
896
444
1602
1871
456
392
1611
1889
1734
136
788
1507
509
852
456
140
858
1656
276
1990
970
733
561
345
923
939
199
1256
1034
562
1580
416
245
1332
1592
937
1416
1638
954
1997
988
214
1399
355
796
1093
1665
417
1138
125
505
685
1576
783
1731
1933
619
852
279
220
1077
1598
1737
1892
485
1509
1907
585
1488
1961
1276
479
668
1293
451
787
1647
1567
634
1280
691
294
24
119
73
581
1263
1040
1839
1120
1092
1689
1763
1301
1331
1425
869
1208
1334
315
1968
744
907
390
1028
154
1697
1158
762
1235
1527
1076
165
1904
1580
684
847
1895
660
829
1418
1493
135
1727
1449
1247
821
189
52
937
1205
1474
1050
1105
1814
758
1954
1822
1079
1567
626
49
1806
904
1581
128
703
1129
1359
220
1042
262
968
1685
187
1336
1377
923
1772
289
380
1628
1590
1860
368
165
1365
1041
1469
211
1757
1260
1579
50
1146
760
551
1668
1063
947
538
1939
298
17
735
1619
1822
304
887
259
1466
917
1493
1126
965
124
824
337
1389
1345
275
1225
1482
595
1215
1277
1108
1317
1272
1737
305
1244
472
337
1451
1148
1822
1915
1983
1798
128
916
874
1210
1813
1195
956
1193
1843
1797
351
1
610
544
99
119
645
1284
152
511
569
852
1581
954
1909
437
1306
1702
458
1176
1115
1561
204
657
1318
1442
1920
1527
493
851
1812
1050
1187
1480
1856
1694
701
1177
839
1919
246
558
1643
691
1165
1547
1518
436
124
1773
1299
970
1741
1339
263
1348
93
1622
536
934
1979
697
744
604
1554
188
1193
764
1522
1385
1295
393
354
376
741
1385
774
1902
5
1693
888
1820
1201
881
1000
1095
1446
1369
79
1828
1253
955
1085
265
1678
1491
101
247
371
1958
793
326
521
543
1797
1372
1780
1294
376
1279
1625
594
717
599
263
1533
929
998
1823
527
1525
1665
770
678
246
1305
1909
545
414
583
605
372
1650
963
857
1164
199
366
937
418
1630
108
164
1247
747
1230
247
24
1593
518
1195
1334
1630
1917
556
190
1821
897
1569
399
1324
982
1630
1320
404
1555
897
1972
935
356
1836
1025
186
959
353
222
782
1933
471
643
1993
1163
277
242
1664
609
1781
386
701
100
205
1265
1558
1821
983
46
1015
1706
807
425
1362
1384
1643
976
420
37
1036
1825
7
967
853
555
441
1601
414
346
906
427
1084
1973
324
1672
475
316
1904
1880
1108
609
597
1685
366
1508
552
35
1623
1001
305
1502
454
1128
223
44
55
390
193
999
1341
878
1592
1911
249
118
1678
1120
1602
764
1108
1294
1967
637
1335
1979
411
284
1685
1292
1934
277
439
886
752
602
1507
1091
1781
198
323
186
1079
623
104
1408
1008
1486
61
1411
1229
134
1297
839
850
1301
728
1541
211
1989
1838
759
850
1136
1157
1414
845
699
1649
1075
1821
98
133
1081
1311
435
736
0
1811
616
73
318
1039
303
1712
1649
754
212
1956
1999
1965
49
783
102
777
739
1314
69
1426
2000
489
954
928
1835
834
518
1683
625
765
310
1734
549
1084
294
269
1105
1885
1759
1455
1325
374
238
1969
51
1586
188
1726
1947
898
506
997
454
1485
1019
532
1852
459
1038
100
987
1186
637
696
1877
501
23
1302
947
1374
881
1361
901
337
1131
771
372
85
1967
1121
1285
1677
1675
933
281
1633
1377
1585
1524
1750
167
135
421
1095
1994
755
592
1971
255
712
537
1325
1934
554
783
1573
1786
380
1085
350
1201
1705
1606
727
813
415
1476
1613
513
1052
204
318
75
928
1464
1423
1597
1529
1681
1877
862
221
258
741
44
1894
253
1008
159
335
1038
1960
1740
1458
284
661
1630
989
1253
1379
730
1799
1111
515
1702
384
656
1737
1666
1536
1057
161
670
977
973
1598
1311
1595
696
796
1038
274
444
1437
1168
375
854
289
305
1316
1379
1439
1268
715
1844
1711
1188
1232
1028
411
464
1529
1418
954
1086
133
207
522
1145
275
1123
1898
1862
101
703
1396
1557
494
555
1194
