5841
6226
7592
7719
10726
7982
10076
7351
8283
4108
3950
6786
4344
7704
2832
5266
9530
9438
1840
1507
5366
7225
7384
4133
6658
3303
6616
4272
1476
5216
2131
4545
7420
378
5662
5482
1180
3682
7633
8521
7105
3984
5883
1370
4993
9908
9293
722
8024
7076
4492
4946
1026
10238
766
1073
6416
10098
8817
6356
3243
9280
10337
6052
2782
3629
7888
2704
695
9904
4866
3892
9814
5889
8910
190
10873
4916
8867
7595
6401
1442
3178
5239
9478
4623
4830
274
9956
6255
6371
3798
9977
9357
6731
9134
4454
2265
10731
4623
9842
333
9091
1068
3101
1532
5634
3519
3892
8092
6757
4741
5692
5130
8476
5808
3189
5307
7791
7310
8850
9490
4981
1305
8492
8011
5134
10569
1414
663
4998
7102
829
7973
8947
3356
4316
7782
10909
1138
8427
9399
7328
645
1094
7538
7551
2375
9093
3498
4622
9825
8993
7329
2330
7413
6845
1868
10061
6170
3818
7943
8480
9702
3913
2911
173
1138
8237
453
2863
7977
8137
10071
7565
4499
8354
6660
10694
5113
8199
8261
9260
10631
98
1272
8320
5697
2604
4278
9840
3665
4977
5599
7773
1839
1806
10033
1965
9978
1773
2347
9571
2891
1064
6590
5667
6994
4381
9696
1240
5602
1847
9975
9591
9314
2596
8324
5956
6423
8047
3869
6662
5519
5427
1210
5624
3569
4812
3403
2059
2048
3930
3400
9411
7053
5189
9936
133
1921
2938
9668
9823
8424
1875
7766
6402
5963
2171
2995
6150
2291
10212
8384
497
4591
7650
6294
2474
672
9251
7606
7330
10968
5918
8317
4196
6646
6728
4393
7531
10315
10583
6356
758
2953
9995
10110
169
6419
5777
4606
1570
503
4865
4988
2044
3565
5374
6418
5559
5217
225
5935
10711
2213
828
3550
9302
6841
2315
6425
6647
8782
9097
4476
2840
8642
10928
3942
2823
7354
10696
5242
7141
5561
3446
6272
8150
2735
828
424
10837
9262
1419
165
3762
5973
10499
7051
294
1902
8693
1525
9915
4129
1215
6252
8143
10319
4091
3240
4857
8366
1910
6958
8361
7972
5336
2659
5106
5217
9956
4388
1266
5575
2021
387
5735
4666
7004
7872
5636
10211
877
8812
3681
2444
1751
8591
4921
92
7277
5781
4862
4003
8339
10182
5553
5962
10091
271
10117
9821
1608
7823
4485
5694
10777
3034
6401
4341
6484
3391
663
6015
10357
2704
2634
3685
10454
9037
8466
4573
580
3585
8036
4414
1681
2893
4320
2426
1276
4484
7470
1186
8397
6849
5506
8477
2020
6608
4892
6524
7963
8995
323
8487
10486
10637
1004
8846
6504
3718
10135
7366
10182
10303
3
4743
5140
5471
2341
10846
5480
1069
1613
4399
6634
10365
6145
9000
6067
8714
4562
10699
5997
2714
5742
747
5249
6918
2803
4306
3614
5564
3169
10767
10019
10360
5297
171
323
5668
8382
388
5906
3754
8694
700
10936
1320
8225
2299
8114
7129
5492
10488
10597
7271
10074
8399
2604
4374
1138
42
9631
6720
6885
8833
703
8677
4243
10318
8800
6003
3913
7533
6366
4051
3719
6541
5136
6583
4616
4745
3577
4079
3501
10762
6464
7208
4103
60
6128
790
3884
9350
7050
2913
9064
1052
7915
1801
10804
3329
5587
2659
3416
8102
4102
9871
2529
3180
3565
3334
738
3997
5369
2747
5164
10744
4883
4178
1058
826
1963
2438
1025
7079
3942
2601
8647
263
2151
6575
3201
1609
4526
3605
2745
6092
5513
1875
3211
4117
5603
9038
4013
1219
3472
8436
5890
2154
2062
10159
7272
3255
7062
871
5129
6457
7448
9098
8133
10390
2387
5727
6460
3234
3585
1685
2810
7802
3604
10893
7783
4242
3358
9278
9980
9244
7733
7403
3320
3332
7868
6599
1613
10514
7424
4271
1913
1717
2150
10581
7372
936
8398
9172
9386
721
7218
10632
4035
4020
5447
6546
5150
4553
960
7268
2762
9129
6364
8284
2450
3566
2605
2677
8271
3914
2169
2405
3865
2141
1508
3303
3509
654
4246
3108
7252
626
5933
3493
10583
572
5426
2188
9890
1075
3210
8821
5588
10597
10931
1664
3629
1758
1774
10668
3117
8462
9157
8525
10671
10895
10958
6980
1212
2257
1408
1683
3198
7743
7574
4460
2218
9195
3149
3202
3800
9391
4699
10687
7244
1547
3509
301
10388
2106
4216
10185
1538
6970
3487
540
4164
2565
2086
7511
275
2066
4808
7495
9513
1646
2297
4629
9037
6352
5245
2275
1944
1727
9109
5583
9616
9554
4265
7484
2869
7944
2507
7508
3906
1460
2456
763
8598
2792
2403
2381
1310
6216
5298
10015
6596
10064
8128
8174
40
2724
3804
1603
6250
7714
3964
5988
9381
5977
8027
257
5466
8184
7007
2578
8999
6787
8332
7119
9239
4851
8755
8727
4937
7201
1822
3526
5374
179
9994
4795
5550
826
2269
5667
501
7873
8022
7900
3399
1008
4842
10357
2610
663
5366
7736
6112
4143
10822
4498
595
9170
7417
1905
2941
473
10444
7468
7690
10915
8777
9879
6912
7360
8689
10366
9604
6397
8330
8128
1000
870
9415
7361
1859
116
5859
10395
2046
4499
10520
8694
9052
5687
5771
8680
3583
8128
7470
6538
4058
10061
3410
1609
7298
157
10167
10296
7414
6211
9529
5313
805
3929
6661
5866
3672
5365
10844
7786
8558
10889
6853
6482
2458
9765
1855
2665
1821
7156
1998
10493
10679
1993
8043
5009
2334
2961
9758
4882
9714
6475
6928
10304
581
6298
3998
8000
7729
5732
3178
3006
9804
664
4711
3249
4861
8852
7110
5262
3250
1624
7772
6693
381
6460
7465
10713
7019
3468
4688
7423
8771
5612
5138
10223
8524
3473
10230
2407
4245
2398
7698
1531
7228
464
3695
1876
8429
10201
7431
1801
5503
7010
6694
3165
8238
382
7645
2247
3561
6802
502
2187
7195
7553
4741
8190
8549
7101
1116
8628
788
72
5265
1154
6464
8207
6118
621
5416
5266
10962
8384
3989
7397
278
7686
1193
7437
136
6381
8565
4336
5572
8164
2607
5561
3605
1930
1630
7073
4114
8970
9032
4266
4144
4139
9005
6968
9576
7898
8704
1273
7062
1277
3402
2511
1844
10219
111
2565
9501
2531
5605
7728
10123
7515
2676
1500
5524
1011
8829
3447
8623
8822
635
1068
2558
4384
9311
7599
6180
9195
3022
337
9539
1090
7865
4633
8228
9099
2622
4989
10746
10357
368
7308
4404
9268
9883
10480
3430
6286
3539
5945
8235
7765
6005
10192
6761
2650
10297
10971
3476
9247
6282
10007
1782
8785
4280
5421
1231
6902
7213
4261
3159
6959
3762
1616
3118
5426
2048
708
716
7326
8299
9623
751
7924
6209
5558
4381
2529
7507
5238
6909
2331
2560
2923
6320
5157
3325
3372
9145
9623
4538
1860
3924
6831
1805
3123
8684
1974
3385
1383
9622
2991
3222
7947
551
4200
8739
8422
9067
886
9935
10283
685
986
7478
5115
222
1082
6922
7710
10702
3651
10761
980
9885
1011
2759
6179
2199
1681
1304
1804
9412
10643
1626
9371
6076
9258
6796
8518
1633
5271
953
4834
1607
6629
5573
9644
10639
2935
7699
1981
1266
3560
5304
3656
7133
4205
1632
10799
9243
736
1248
95
9366
9390
8105
3232
10003
8847
3443
5626
6732
6858
8762
3462
2366
8638
6641
2611
7844
6293
3433
2261
5519
3695
649
3821
5004
5201
10522
2121
8547
1845
4649
5435
4660
6246
10029
3902
8587
6418
1068
1316
8959
3655
7313
2072
46
3241
8862
6760
8556
7548
4030
1248
1958
2532
4206
10981
3461
3753
4711
10479
7802
7502
4197
1554
10394
6441
2721
5782
1273
10424
3145
8894
3823
9651
231
9020
3211
6098
2076
8843
2497
4633
2256
3869
1919
693
1124
2239
6597
7039
8619
2606
10127
10064
9024
8391
4915
2252
8026
8809
4552
3575
8225
9421
642
9525
10156
10656
8236
8599
2001
7688
7056
2260
10579
6253
2175
2980
895
4117
9641
7194
8120
735
10464
2805
8723
6517
9156
4944
1555
4431
2975
8330
5579
9125
5759
3750
3623
8453
5180
28
6419
141
9110
6480
3571
9139
1062
3365
3156
7900
10875
5973
5716
1844
4392
5767
7107
4524
4283
3919
9927
1637
10485
8602
4215
9478
7361
4478
7339
3099
8535
9919
10935
4764
8840
3980
1958
4402
7402
2487
5034
10331
3070
8175
8501
4130
77
9217
3491
948
9974
4492
3096
5159
9874
3265
5922
4927
10637
10709
613
8204
1680
868
2097
9567
7082
4683
690
424
3215
9522
1109
4816
9960
7444
847
6797
3326
6715
9005
4016
2704
762
5856
8417
5916
3833
10185
5877
7359
5585
4768
2071
1141
9175
5644
7534
2700
7507
7806
3892
8691
5104
3985
4686
9931
9544
10142
1394
8765
10510
10226
2672
4576
5458
371
7283
10447
1342
4192
8971
8199
10246
8765
8506
1324
9377
10498
1697
4505
9703
6010
2151
10699
1542
10859
10478
5714
233
7932
4002
9795
2879
2202
834
4392
533
3821
7224
134
8430
8902
318
4225
2671
4448
3451
1832
27
4346
3799
9960
10669
1668
10390
3667
10939
9148
623
9132
9473
3385
8306
3628
7210
3740
7233
9154
301
9604
2051
5924
7095
9406
2324
5675
3699
2172
8865
5187
4760
10404
3527
8489
2705
6734
2594
6330
1929
3038
3595
6063
3326
7981
9382
6513
6931
8030
3911
5773
6700
3260
4079
2685
8147
861
7860
5947
1111
8617
6357
2331
4335
3224
3959
1906
9
2745
2557
8592
9958
407
9144
5132
8807
6697
9407
4912
3134
200
9153
10703
9979
6658
4258
8430
1862
10735
10358
2488
1390
3267
5847
7136
4732
10925
2033
2176
5259
3933
661
3566
2529
8046
10382
4520
8189
6584
10899
8449
6074
1888
3932
34
2829
8775
4242
2722
2229
3165
4822
1681
8794
9696
8807
6249
7385
855
7197
2402
10908
3714
4892
7521
4132
6171
4433
9958
9058
10651
132
9478
8426
3816
381
3468
718
8609
3652
457
8145
4365
9458
5426
10019
7006
7796
3924
9372
9844
9315
3937
10930
971
4589
7678
7983
3752
4386
6833
9988
9331
7533
4419
2084
1226
1539
9317
5204
5162
6598
7971
9325
7535
10030
6358
8931
344
8822
10691
10862
8063
3301
460
2996
7382
10877
3209
5433
7886
8156
4363
6345
7492
4713
9309
7708
3271
2895
2953
9076
4912
4058
3982
4844
1128
850
8563
2034
8803
10310
3236
7594
4108
3112
9597
6065
945
10720
3787
7803
6621
1087
8396
5653
4104
7367
8439
9319
9164
8226
6361
9594
8724
5305
7063
4256
7885
10273
3501
703
1088
9386
5537
10140
560
2210
3956
6688
9464
7942
6405
6459
3521
7197
6095
7594
10717
1934
7826
2428
5620
1805
2484
7409
5627
7455
5930
2033
8693
1262
803
10343
1950
4065
9842
9420
10885
6626
5575
10547
1109
667
3791
628
237
6439
3053
2386
619
7319
9395
238
283
10712
1232
745
10710
10505
7557
10747
5142
5534
2897
6772
1959
9111
10717
9183
860
3322
1524
9165
2750
1956
5932
5760
5246
1936
7609
3786
7530
8039
496
1533
708
3799
10400
4138
10931
7293
6584
5302
2845
5940
3976
952
4300
4037
5782
10497
9455
3800
6211
655
5070
432
5329
9209
2174
5696
9446
4393
1860
8313
4882
1822
5432
8732
10428
6178
1284
3674
1149
7694
3543
8184
10756
2087
4912
8198
9313
3882
3360
4225
2130
2424
5753
600
5710
1531
2523
4630
348
9829
4316
4150
1584
1379
4490
8662
10236
1327
1346
9676
1423
5997
8348
9209
6817
3545
5050
7374
3708
10420
8254
4028
771
8517
7404
7677
5604
7106
3981
4433
6294
3773
7226
2800
9750
10520
2169
9903
9361
8751
9781
8210
8810
9801
9544
4749
7862
10244
2292
1582
7171
9205
9917
6813
4678
8122
6937
5017
7174
1465
3653
8199
5645
7937
6973
3102
962
3469
2150
1296
6447
10430
6630
9453
8945
3794
1357
6578
10753
9681
1430
9933
929
6998
1897
1091
8117
3460
8044
5164
260
6731
5663
5613
8076
8178
5929
3221
4384
2129
6487
8751
6639
8303
8957
5002
1916
7047
1033
9443
5739
9791
10184
2981
4190
8795
2534
3750
4654
5050
6234
1722
4051
7215
6571
9182
6987
4406
8532
6555
65
3254
2610
6265
10875
7232
3357
10216
1105
10117
8013
75
5130
5186
8124
2431
560
9636
7258
8252
5445
988
6393
2841
1614
4117
6105
9678
3113
5036
10649
7365
6230
6671
7946
6400
3104
2917
7967
7622
2981
8406
2527
9985
9840
1447
7347
923
10596
8918
4476
10655
1348
1971
3222
9731
7399
214
1551
6541
2032
2732
3956
5053
7715
5116
10878
9291
8489
10280
8153
9030
5084
9334
10166
6944
8901
9642
1861
2816
2687
3278
2450
9608
4053
10797
137
7808
4091
5763
4580
4230
2172
7845
6929
2644
9785
4426
2121
4453
2312
7161
9789
3492
10185
7591
9331
9125
5527
10227
7824
3035
6034
6648
5279
1757
3192
10038
3189
1537
4088
9341
5625
5772
10428
1751
943
10431
6809
4097
8565
5851
371
10994
8495
5843
1144
6460
6539
9102
7631
5687
8563
3852
10548
9549
5502
8278
1699
3779
6868
2601
4166
5337
3210
4405
5987
6563
275
2980
3414
3397
722
3894
2930
2613
5954
6873
2886
3164
4865
1273
7661
415
7197
7978
1513
6099
1340
1317
10366
4087
5401
4204
3818
904
9564
177
8178
7981
3322
6324
5061
10718
2323
9931
10801
10922
10532
5699
5183
3612
9233
8551
1694
8767
9045
2192
6757
3259
9164
2742
8914
6415
3101
9651
4027
3059
6144
4092
6663
5994
6677
9821
551
10972
589
51
5019
7681
4726
137
6270
5308
5326
800
2124
8582
6260
9755
4541
2391
4582
7055
5665
4506
1496
10273
326
2914
7386
1262
8218
4789
1463
2689
10051
7011
8237
6882
599
5106
7230
7390
6807
5716
1844
10364
8897
6454
6965
4
7317
324
7162
10439
7821
1863
2215
1008
4686
9827
7711
10875
4837
2664
2388
360
917
8868
926
2388
5865
5435
3246
6173
2854
1053
9711
5189
3559
1989
4351
7581
4470
1739
8714
5403
10347
2753
3312
10501
10129
10173
10485
7569
2091
9089
6110
5915
3902
502
8904
4427
2379
10542
3111
9939
7410
898
6189
1801
4466
1820
4745
3151
7156
9494
10031
8577
5460
2114
10276
6087
7584
7977
6959
6640
1034
1345
3814
6447
4082
8056
1922
619
7874
8173
3402
2021
5406
492
2506
3530
10897
9754
6956
3465
9918
4720
6476
3517
10439
424
2917
4984
9917
9092
2207
8834
218
1975
2123
8817
6192
6924
3073
10969
679
6073
7095
7865
1196
5175
8648
1356
7759
3652
4215
8060
7578
7931
10529
4934
10460
10701
513
7785
3523
2196
4803
4036
2033
10061
4751
2748
6819
7146
7264
10727
7580
8979
9530
8500
10667
1078
8256
4228
981
10722
1705
5021
9230
9746
2484
5639
7241
2298
6366
3432
7080
7728
9249
3602
4460
5232
1448
2017
8824
2995
3811
5566
10562
8730
8498
4385
2936
1893
7748
4172
4270
4234
10313
6876
10184
8588
9359
6730
10942
5066
9941
5356
10083
10666
5400
1521
759
925
10942
1129
5761
3000
1329
2856
333
518
8735
36
6367
4293
3362
302
1698
3356
237
395
5068
2234
8787
9236
1990
5881
4904
9861
8565
7785
5010
10883
8073
5906
8784
4778
2292
6024
3098
10569
10766
8230
1707
791
9863
8866
137
8172
5614
9786
10736
1629
524
8157
9883
7438
4316
7096
8380
2955
2410
7278
9198
5615
5003
5833
2001
2061
820
9173
9399
2423
6518
3625
9684
5476
10622
4248
9074
774
5603
4105
2895
271
10167
6979
3923
5701
8667
2066
910
8412
6174
2250
7549
7803
2515
8053
6677
6676
2077
7048
3830
2239
2235
4181
1893
516
3034
9171
10848
10433
951
545
3455
8106
1995
9620
2199
9830
2570
3562
7799
7815
9273
5335
1834
2464
2873
3450
5167
9819
2848
9859
8735
3544
10985
4905
9346
2773
10381
3636
3090
3046
10683
3656
10590
1191
1004
5744
9323
6851
3822
1147
377
6382
6086
4061
7826
213
10207
7465
10780
12
5053
8018
10215
4601
3014
9682
4401
5499
6823
10946
3560
8085
4232
6448
1501
6641
6207
6548
9484
4550
505
8001
2497
448
6922
10521
3441
9062
8856
10540
1600
6577
4991
10543
6018
5102
1072
10496
6467
7655
9601
1465
7176
5593
8900
5303
4930
10708
2432
8701
4235
253
10279
2650
7631
4146
3621
5635
3623
8309
2097
1244
10910
9741
4822
7256
284
2598
1497
1860
9448
3869
1210
9962
6051
4723
1357
4165
5234
9003
10636
4615
927
6707
98
617
10642
7196
9305
9410
5831
10173
7956
188
2866
4318
8191
561
8231
2171
7139
5436
30
2467
9365
3026
6092
6433
3515
3477
5629
8215
6869
7110
9368
1340
9222
10146
8855
1134
532
7109
9542
4154
11
7496
3828
4088
5238
7833
8591
1804
2619
873
8155
8286
4727
6395
9075
5818
9276
9144
3379
7882
9328
10518
3835
3882
1787
6929
2944
7945
2964
3212
1182
9325
10506
1429
464
3004
10094
9330
10272
8410
167
10
281
9522
6040
8938
9534
9091
9741
1029
1571
936
3674
4789
1696
4490
2251
2668
6558
2286
4463
6053
7058
6124
3793
2628
8590
3064
2897
2150
3894
4349
9543
1604
3458
1357
3040
10373
10638
1014
6713
1062
2992
10656
1949
5923
8242
8987
4024
10232
10563
1375
7560
6530
3000
2210
3875
4849
6421
6991
10125
4171
1492
848
1217
6042
9854
773
1249
7928
143
5026
2620
8603
1752
3443
6091
382
7386
10862
2427
5424
2128
2958
10601
2971
4287
9144
8938
6784
6832
9969
6289
9295
10804
6424
8074
3332
1791
352
33
8970
1023
9701
10563
607
9399
1605
1731
4558
257
7416
5402
6935
8434
7546
8022
8077
614
7384
4153
708
9030
2311
4961
1793
8866
5604
2025
8366
2063
1411
10094
6400
7166
10274
391
6461
8898
8678
1144
8442
5096
2876
2318
7361
5464
1032
8428
934
4531
749
10406
377
8709
4287
3958
3995
9928
4386
8526
1524
5059
10
625
7843
7603
2647
5621
9113
5807
65
6624
1594
3315
6279
10824
9830
5343
1755
10362
8829
1901
9707
388
5623
8857
3634
4071
6819
1864
4477
230
7421
8956
10340
7871
4553
8802
4
7380
7721
2593
2890
6624
1880
5802
3735
3084
5691
9052
10187
4424
2320
2455
1785
6060
7613
2625
2126
3376
5220
6400
1930
6273
1675
10573
1570
1866
1023
10039
10483
4316
8140
2856
8942
4061
5372
7558
10422
2556
6286
3756
2593
484
4115
9567
7540
4999
4130
4840
1149
9213
6309
451
8475
6083
7901
4032
5364
9591
3507
7330
10450
5865
5105
8668
4742
4736
4804
1844
8400
351
895
2371
2301
1297
10021
7057
7170
10602
10265
7416
10558
10966
3815
8692
4053
10839
8178
5877
9905
1517
2165
7118
3208
7198
7528
8941
6241
1976
6782
3166
6450
6252
2154
3059
3668
4785
9848
6751
4322
4521
4430
7096
7562
4449
10909
1490
5568
1265
1631
7611
2136
5384
2343
5569
8837
6018
8939
2347
1950
187
5681
5536
3729
2042
10505
5979
2920
6589
5027
2557
7080
5187
1582
10936
7104
9292
1485
1826
8684
6218
10447
4205
10975
1615
3687
2456
5190
345
8201
6919
788
2736
1018
2225
4553
63
6546
963
10150
3359
1171
945
5589
6512
10792
2576
364
10018
1101
103
489
4690
10249
9087
4724
2619
8666
10417
4229
8671
2990
9779
8868
7927
6027
6366
9308
2855
8492
7067
6721
6067
7337
1649
6764
10527
2306
639
386
3667
5943
6432
8328
541
10157
5589
5906
414
7234
8852
474
3004
7982
479
6723
7753
1543
116
3757
3692
1603
7578
8733
6618
3663
265
4139
1751
81
2072
2302
6204
315
459
8477
7855
3465
6368
1157
6883
10890
922
8959
2857
7956
10811
2537
7113
2485
8910
604
8966
4121
10595
2498
3133
1396
1165
3606
3051
2730
10128
3578
7864
10103
2675
2759
113
8188
2404
10224
8803
6230
2806
4646
7165
10469
8663
8784
9385
4179
7404
1419
6591
7514
5113
276
8161
5535
10514
6885
3655
10768
8578
6070
1934
10774
9984
8444
8237
9125
7873
739
455
4201
3746
1296
3245
9718
3510
5063
7517
5695
4847
205
10644
10237
3925
3194
6542
3985
1411
5984
10068
2533
5533
4733
5883
3756
1754
1883
4382
459
7516
8361
3532
9436
4447
6151
3104
6923
9503
355
5344
2324
7862
8787
393
7751
2141
7748
3547
1954
9053
4677
4520
4508
8181
9443
10938
27
5799
3087
2293
1563
5483
5205
7238
18
6880
4006
3044
2142
6
1103
6481
2216
884
7771
5373
7085
237
6875
5318
6818
5792
9330
1650
5498
5817
6930
2295
61
10789
11
1720
9386
8183
10377
8033
9637
8280
3495
2341
5584
1553
463
7723
5540
9008
1201
3207
7589
7100
9904
9888
3101
8260
4034
10190
2729
10329
8254
3190
4653
4591
10045
1127
8565
7562
6810
5347
337
3208
3509
10513
5087
4375
2343
5934
8619
2503
10576
10350
1263
813
5018
695
3897
4166
5533
10377
3663
7111
8487
9993
4367
1299
6490
7796
3880
6703
10494
4163
6236
9395
8534
1909
2481
5478
5081
6233
10569
5982
705
3867
7978
4858
6822
8813
10886
2093
1616
2370
10027
3819
813
8019
8817
8517
5825
10448
6611
3491
3703
9417
1718
4839
1640
2579
9093
3846
6495
1267
6002
7517
2366
2898
9749
774
4690
9065
6685
10854
2618
645
6923
4103
5150
8905
3218
10552
9421
861
10570
4585
8745
8907
5927
1482
6516
1361
7965
4930
5065
3145
9900
8375
2716
9617
5003
2538
1770
1782
2349
7059
2880
4160
3490
2487
5403
8087
1635
9707
6287
5641
6008
9271
4905
5922
831
7801
378
4920
6775
10711
8569
1113
6998
4488
562
2465
10156
3160
2740
1025
3583
2593
7497
10444
10007
8383
10211
4568
3074
9136
9404
216
2143
3022
1091
378
1398
78
8314
10068
731
9231
5319
1575
8493
3014
3832
1694
2658
2246
10529
4676
10782
1270
8499
1484
2245
1383
6948
10861
5366
4910
7177
9064
1236
4536
6780
9833
7055
4196
6520
1375
7294
9183
10410
8630
8914
9422
6907
4241
2951
1600
10363
4408
10897
8289
10453
5573
9294
1228
4214
243
8934
10747
8869
3139
754
7781
9039
8250
1559
5527
6462
7583
7448
5061
6499
5457
619
8554
8053
6023
8372
3993
5011
6189
3540
2153
796
4161
9584
1105
1629
3230
1424
554
9797
10930
8696
9824
2791
9395
10661
8829
3111
992
1731
9707
8561
9370
4284
2185
9820
559
9954
5943
9693
9140
10995
3006
2837
4097
2017
6947
10054
5186
2509
316
9380
1811
2226
9358
6450
3563
2916
9524
3246
5594
4682
6863
908
1183
9486
9866
544
1153
4100
5021
8083
10799
6651
4056
4165
5844
10776
6633
1872
8325
8018
4196
9052
6886
273
1465
1736
10049
3615
2735
5922
5375
1347
8220
6324
7471
4649
7093
9837
8738
3826
2014
201
4971
1087
57
3546
10835
4123
2829
5835
1656
9816
10770
8727
2699
2347
2734
6394
4824
3054
7323
10515
5778
6313
297
6216
5434
721
3106
7279
6387
8410
6068
4058
8917
6869
9419
10299
7047
10452
7877
6584
512
10753
8411
6414
7312
6590
1185
1266
6869
6097
8627
9432
9931
4915
6334
7216
4013
10739
1473
1367
10171
2978
4007
8144
3039
8508
9078
5826
7805
5332
3717
4856
8090
2017
9676
1512
6215
4995
9824
7186
10994
4119
3639
10550
4143
6823
1896
786
9035
9329
9154
623
8944
6819
8856
5316
5859
7012
4140
8258
9379
5308
10631
1999
3783
887
2182
184
1621
10718
6181
2386
1814
2292
1361
8767
930
9217
9732
10287
1957
1684
8050
9734
3101
2360
8818
7651
16
4850
9221
2129
5906
1280
6054
4150
1529
10508
2912
8195
5661
2383
5815
5021
10515
906
7154
983
4871
2106
3985
3374
4013
7301
1556
1281
3643
1891
656
8128
3562
6022
1854
1407
6046
4961
3521
9032
395
5186
2665
2804
4034
9043
551
3448
9081
10437
8112
8319
9637
5865
7872
8088
9501
9114
2131
8691
6660
5539
10467
8995
2800
10025
6842
417
8353
5963
491
6972
4165
5936
9916
4187
7218
10096
9155
6152
6518
9862
9630
2727
1584
8623
10514
731
8525
7742
9337
8996
4390
3088
3659
636
3036
9031
7588
6691
4583
249
7097
10931
8561
929
8308
1807
4997
5708
5838
78
408
8873
7587
6510
10806
3246
2637
8749
10664
7838
8078
6650
4272
1034
1116
8261
8874
113
1672
6457
2674
2242
4930
9749
2850
9375
780
6915
8000
4956
6100
7561
1470
10872
344
9222
3145
7697
8353
7981
2985
3554
10482
10658
4916
7828
1115
9178
4070
2523
3625
2798
9352
183
8939
325
3089
330
1541
1022
1854
8370
4052
3734
4144
2195
1711
766
739
7431
8534
557
6393
10592
5286
3973
10171
4351
6583
4584
1109
4912
5124
3361
7297
6915
1936
7811
4431
4174
521
4457
9495
8293
2851
6331
3103
7758
8520
9679
7350
8705
10679
10600
2811
9212
5032
10776
8292
8273
7129
357
4303
47
4571
8240
5716
1347
8594
3690
9274
8657
1490
7683
1787
5975
305
8993
1036
986
3592
159
196
7797
1029
6466
164
5359
9352
4423
10661
10470
5621
5308
2664
76
1183
2103
2173
6260
28
6372
1291
10280
137
8782
9627
3514
6351
9897
4796
9094
723
1743
857
2545
7120
3986
4517
7535
1082
845
9739
7895
3301
4893
9103
6819
259
9864
8941
547
3588
9045
273
5319
6221
5840
8429
8582
2444
1088
9256
7396
9104
6855
1682
1447
9451
1509
1883
4663
2175
4344
1487
6505
3
2197
2674
3209
9434
4716
3385
3880
5143
9083
917
2382
7152
7694
999
9423
59
9619
8205
461
4859
9601
10584
2086
7634
8658
7669
10609
3180
8964
5486
2040
8870
3402
8178
7551
1534
4835
7108
7464
10335
260
6760
2475
6001
3225
2808
6741
1118
2312
6490
1125
2610
1041
8221
5448
1755
5656
10493
10020
5533
4786
7442
9607
10853
8695
7473
10112
4085
10835
1692
4882
6394
7295
5732
8427
2902
2723
276
2840
555
2765
2160
9168
1062
1795
3640
7957
4262
2762
573
6266
1639
5883
1699
3226
6554
2105
7598
9000
2551
7916
689
1330
4554
9659
10651
7551
1974
3542
4532
6233
775
5309
8042
10958
8214
5025
9668
1832
5608
7659
10963
8572
6099
7926
3738
429
2076
9573
2218
6126
9310
3977
1115
853
5196
4985
4498
8785
9835
4439
102
6694
6956
9598
6953
8222
7776
8553
10064
4609
2362
7381
814
2903
9516
2411
1294
2617
10783
7632
5005
469
664
3227
3469
7947
5188
8824
2735
4074
9821
1161
5024
4383
7361
3533
2429
8950
6489
5172
7677
7549
5206
198
1363
8609
2200
10732
3530
4768
1449
6060
6857
7478
5645
1011
1099
774
7272
686
2058
5133
9849
5884
8691
8280
9452
10463
8484
5515
1444
2905
5494
10197
6470
8192
1691
4135
8940
2900
10399
8622
8862
3468
61
5517
2362
5680
2623
6340
1662
9361
6119
5127
3266
10467
8160
10472
75
9232
7595
2545
376
830
7673
4178
9960
292
10854
8750
10758
2770
4033
7273
10433
9246
3533
404
981
2751
1366
10161
8398
3657
2425
1163
5692
8854
2669
1799
3840
1791
9344
4509
6531
2891
253
8175
2328
1563
4276
3816
9509
6932
5764
7133
1691
8431
9476
3447
1607
9889
3026
1006
6138
6273
123
6606
480
9183
743
2991
389
954
8626
4907
2265
4032
3001
8812
10333
3473
6754
2718
9540
1296
6373
1695
2297
9417
7628
3735
74
6444
3305
3651
8772
4695
10108
4484
283
2524
5499
4483
8100
1867
10148
5423
7754
9295
10337
849
10129
2209
2498
7583
4221
7741
7517
3122
6466
7224
3020
3282
3668
10249
8802
2299
234
9630
534
10601
7865
10767
10031
7371
4644
7386
4266
3712
10929
791
2495
2409
3569
1454
2465
2086
4232
3659
5952
9730
8806
10705
6132
8048
6385
8488
7685
2262
7840
10425
9539
2249
5580
10701
3642
6838
2144
8448
3894
4848
8933
899
4602
8950
815
3928
9583
7796
2049
10848
6509
9929
913
2847
8275
768
4085
556
8833
6665
9395
2208
4877
2477
8928
574
4556
7209
3966
8132
3453
6475
9925
5214
10191
1574
5397
4849
9097
5119
7457
6338
1781
3388
10622
3284
9777
9897
8325
10689
10343
7765
8663
8438
230
3398
3712
5940
8969
5643
9195
8044
9086
4868
8034
3601
2912
8627
6745
6626
1683
6877
1565
2975
9209
10757
4192
8063
10898
1682
10791
8798
9086
262
3854
8380
4219
8893
10555
9529
2652
4683
10362
4306
3364
8610
7427
1712
503
4959
4419
8003
10826
10438
1948
10171
738
6797
7407
5280
8188
796
5160
5392
2851
1545
5525
8384
9633
10277
5462
9989
9968
3444
10428
9524
2554
7013
4179
6171
1508
9940
3331
8716
7428
9378
2697
3448
799
6055
10472
10672
5249
10579
5129
6167
5462
9282
6887
10026
3537
33
8842
9904
5649
5352
7893
9026
7998
5199
3174
4689
5796
3680
10761
110
2996
5465
10468
1310
9603
7251
10296
10388
9048
4191
3170
3272
3761
5351
1014
7710
10955
8615
283
9066
7254
9302
1700
2852
4044
8927
1318
9855
4684
7635
2875
9368
1003
10704
8929
7022
2291
197
4763
2862
7922
10804
214
3247
9598
4636
4421
6825
9173
5756
5436
3586
8666
10967
8643
8701
10361
5173
6116
8212
8170
8385
8898
7620
2898
2581
10139
9431
1711
435
6874
3159
4749
5037
753
10317
52
6263
1228
10414
8906
9774
5632
5449
5529
3214
2405
2253
10907
1182
5682
3485
1029
1196
9725
2167
8237
5149
3385
1210
493
4266
4058
10823
2226
1354
485
2491
9173
3746
10917
4973
6128
8442
9227
8976
4557
9027
1301
6203
1359
4926
2528
8951
2361
2977
10864
6271
7670
6638
7130
5421
937
10777
7496
5209
428
6936
2952
8728
9197
2824
1746
10371
7388
8439
2392
3498
1078
2952
7944
286
7278
108
10799
4760
3407
9325
10244
10612
3659
8499
1893
4022
10967
7000
900
10092
10112
3900
3634
6984
5852
9085
10470
1032
8495
4367
5321
354
2478
863
3902
4260
5769
2940
5855
2704
4062
10934
2631
6331
5173
9911
2354
8250
2447
1948
8816
10424
719
9492
5462
8045
5773
9301
1673
4790
6114
6271
7006
3781
7070
9274
8482
2646
10319
6384
8573
4747
1793
5126
6162
7150
2518
7774
8229
2634
7962
5761
6697
2479
10913
10889
4817
4832
215
2703
2387
5995
8670
3653
10260
9409
137
6705
8148
8298
2713
1477
10528
5674
3390
9814
4641
1764
3401
3897
2181
6441
1030
796
1836
10410
6719
8472
1756
2473
8774
3234
1228
1114
4009
410
9005
9983
2647
9430
5714
1119
7927
373
2023
5479
7826
1828
2200
4354
3144
1426
9945
4972
4570
2828
10855
8829
2602
5083
1034
970
10032
9513
10227
5682
8006
10789
207
3982
8535
4423
231
6282
1550
6761
4477
4489
2483
2220
1402
3131
6061
4644
3019
8125
9397
2906
3978
1786
4568
3225
1086
4753
5052
462
9414
10327
2974
4843
7717
3150
704
4554
10753
2738
5812
6917
8601
7272
9706
9272
8951
6319
3727
6985
4013
2928
9292
7893
7161
5454
6172
4758
10
2964
2987
958
1344
9758
3364
4366
4740
9245
558
8186
6308
1917
5933
7955
3293
122
7572
3740
1
2720
1897
1860
8447
5079
9682
10988
4046
5489
10916
4872
782
8821
9351
9587
9695
8027
4483
1973
4623
6592
7524
7761
3375
8723
9571
6117
6057
8348
2660
6454
7240
8294
6647
622
4491
2067
6966
5646
3752
2007
9573
7847
7118
2623
6768
881
5441
1032
6261
1141
2105
4730
4561
855
7932
1371
2192
4471
9360
1512
7223
8193
2010
9374
1759
8003
5681
10722
6285
8070
1520
6056
5460
9075
9472
8917
2858
5977
6355
3561
1054
6523
1120
3821
5455
10400
8958
10187
8019
5536
9443
1253
6908
4659
7219
7483
8083
3498
7301
939
2072
2931
6088
965
442
8921
3934
9583
1056
3782
10739
6383
5706
5199
4360
1638
2992
3109
8511
1505
7493
8282
7373
2921
3651
9849
8261
10530
8580
486
10753
9985
7282
5708
4552
1915
1224
5869
2772
9634
2205
4746
7406
10994
160
10970
1369
3086
62
3833
8573
7854
1101
5391
3225
3880
6488
8165
2258
7277
6107
2354
5417
961
9127
2339
9437
4139
9145
10545
5545
4234
3707
8704
6543
2894
9430
6989
7336
3260
715
3804
3740
7009
10046
8278
7987
10457
5514
10649
7625
9314
5417
8268
10423
2984
7621
7667
5571
1673
4514
7015
8238
4939
8650
363
9865
9158
1818
3152
9092
8474
4127
7953
4189
3100
8430
8036
4175
769
10054
6362
6699
9539
3462
1855
8117
3181
3439
6707
2180
9241
4249
10094
8545
7903
7712
1967
1042
5801
9890
4111
3695
10346
5808
7116
10981
1449
839
3389
7142
6599
6199
5540
10610
2633
5224
4371
875
7801
8740
5516
677
3690
2172
5265
8680
10359
1007
9395
6223
3647
1586
10075
4073
6923
2043
6525
796
39
693
9625
10581
8049
8783
6269
8469
5263
6985
8181
2632
9541
5844
7832
10729
2899
7205
4136
4849
2513
6563
2532
5040
5288
3933
4440
9963
6224
4808
7806
10687
3681
9850
2132
2306
6036
7007
4913
7600
6627
4460
10366
7159
8123
1668
7129
5832
8369
8795
1810
3293
1304
10836
2303
957
8505
10907
9474
4758
9809
7299
9206
3482
7389
5130
7261
7542
5946
9160
2384
3880
8374
9495
1931
8544
10295
10153
3096
10167
4220
7701
10317
10498
374
149
4920
7093
3996
1753
9466
4137
3963
1530
7618
2294
3289
2424
8917
2507
4758
7829
2210
6715
3451
933
206
5878
7555
9443
4531
7698
3138
10064
9504
497
661
9561
9812
6967
4035
7203
886
4250
1337
5516
2816
1134
3620
7818
9592
10694
7452
4247
3663
909
9498
3243
8137
8804
3973
6592
4892
9450
977
9740
4111
8553
5536
1067
1789
10011
1589
6623
5186
1617
8267
7001
1004
10950
5781
7625
9518
6674
447
9799
6318
8623
5784
5923
7505
1384
4455
241
1226
795
10115
2113
3993
1216
9334
10288
7687
8599
1705
8319
8100
1833
8607
9380
10807
7141
4853
7863
6006
10444
1620
10694
10407
10571
5962
6910
392
4995
3288
6699
4857
5087
8346
6111
7803
10978
9937
3281
1885
4171
6992
2500
4502
7120
1425
6653
9955
1069
1465
7455
103
6116
3789
10397
2761
8421
6211
3708
4270
5810
6633
8323
2297
4934
4545
8491
3445
6609
8905
2875
1474
8661
2895
8468
1258
2691
1569
4046
4346
8180
5607
8720
10655
9749
8702
361
9451
6819
10719
3966
2113
5118
3462
8469
10132
937
9498
3806
9697
10617
594
6274
4381
4957
7795
2251
8311
3092
1954
2044
3572
9507
3054
6697
7519
8142
9392
9425
4896
5491
9455
1511
567
5753
4805
4629
8502
9111
3796
1654
8614
8717
8676
3759
10563
2923
7044
5155
10729
4138
9584
255
262
4557
194
6289
3335
9825
6204
221
9311
479
1389
937
4644
8885
6966
6036
3990
2248
6597
5121
2461
2233
2297
495
168
325
6532
8850
4370
10416
7640
748
10354
5149
3683
5829
9400
1821
7896
9559
10235
3273
3631
1596
10537
7
6755
10759
8867
388
176
6027
1012
10720
5606
1670
1127
5462
4496
4040
10041
582
4249
7573
4647
5274
8373
8341
1616
464
3626
7477
3284
7558
7839
1230
7561
10926
2025
9457
3149
2885
6950
1609
6449
4300
6649
6999
5454
498
8184
1895
116
2602
8352
2144
7319
8178
1180
5851
4512
7373
10377
10645
7615
2493
2566
6160
5659
1207
1550
9057
562
2072
8720
2074
10995
2551
3334
8038
3451
6138
1423
10296
2100
3949
3821
9000
5400
3365
3266
5616
4405
7988
8007
8646
6015
1972
1309
5327
4927
3382
10636
6962
7119
1964
8695
1116
3294
5882
5319
4771
4289
4098
1250
8111
10905
4128
8846
7559
7988
6468
3939
1254
6974
10164
859
8
1091
4469
1805
7220
10618
8867
4824
9429
8037
2036
829
7750
7501
10548
9443
3633
371
5113
7873
673
1645
7374
6511
7648
4500
1509
590
6924
10099
3722
3631
1582
8088
5831
6023
1960
1372
10482
5957
8899
8086
3827
9558
7056
2066
6893
386
7124
9830
2195
10002
8283
3000
9477
3186
2720
1476
3523
7530
6164
5532
7737
2377
5961
4443
8133
10548
5968
4065
7890
9033
8350
8079
3285
5441
3747
692
9658
4841
3672
6034
8039
10618
7647
869
2014
2571
10518
2388
3154
9846
973
5180
7416
5094
10576
1713
3100
5986
2689
6929
10545
10220
1443
2110
10125
6327
10564
6494
3574
10287
4797
931
9061
9539
3785
4298
6317
10260
992
2270
9257
4125
7002
7487
8976
3975
8560
3149
7670
8597
9762
6367
10191
3990
7932
1877
10904
9799
8260
5205
8960
7847
2509
7841
8713
688
1240
1886
5465
4454
3232
3533
1398
7514
9088
6357
1310
3513
10638
4895
7342
7569
7945
9684
6512
3456
4034
4656
3467
1595
5419
5532
9669
2956
8129
9365
8140
9518
3087
2213
3294
10706
5424
6510
574
5692
4275
237
2484
9066
2938
1594
3133
2585
2854
9391
495
212
7820
2645
4521
10643
10625
7531
2426
7749
6627
7039
5844
201
7538
10207
1390
7358
6393
6542
2609
10160
10012
5596
6049
3915
970
3798
9067
5354
6145
6103
6563
6456
7118
8778
2753
3445
3256
410
7780
4446
10338
9765
10454
3958
7155
7887
10664
8009
6236
6005
4564
1102
2987
9144
7774
7046
6693
9442
4654
793
8251
2063
8685
10497
10158
7866
4147
6373
9234
774
8327
9335
5436
2803
27
3810
10994
7437
5897
8795
7985
8734
166
5427
1000
4072
2787
6682
1342
3065
10723
10026
2933
5236
3380
1050
2836
7259
4315
1675
1663
7530
4416
1158
8862
6434
4862
7888
4498
3213
5714
8083
9506
2344
273
3927
8687
5460
93
9751
5894
10262
5855
9487
5905
9141
6470
10730
4355
5449
108
9372
3235
4188
75
8499
7095
5978
4295
2275
2645
5395
9665
6839
8176
4436
10260
2998
7172
1488
6228
7972
6871
449
1609
4591
9076
10625
1891
8446
10910
5675
4015
2371
5906
9924
5661
4049
3071
5571
5769
6705
5345
4246
6258
9941
977
8573
6865
5420
1998
4763
7824
3672
2807
7127
2769
10456
4223
1202
28
9565
4086
6011
9284
10366
8866
10015
9844
10087
5534
3448
6543
6644
7147
10920
7329
1207
5318
3575
3590
1074
1904
9503
7321
2457
8703
1933
4913
1444
451
4847
3053
3515
4651
10905
6730
10549
8840
4718
8574
9107
5494
502
2327
9079
1098
6967
9374
10035
3900
8463
10423
7906
1455
9646
193
129
8397
10246
9992
8131
10648
9828
1604
771
10249
3433
1159
4241
7269
208
6724
9203
1454
1469
5927
1885
6863
10763
3156
8773
9948
3373
4176
11
6354
2967
10060
7919
2057
1550
705
8171
2626
1539
7763
2753
9266
226
2630
5881
8779
6916
7309
4686
828
5440
8084
1863
2184
3697
8408
7599
1626
5093
8686
6633
9354
5883
4491
10860
6733
5841
4774
1611
5596
493
7511
566
3374
7390
2435
5501
4933
8085
10270
3211
3773
7409
9626
2399
4014
1116
3549
7039
9165
6565
635
7753
9579
3622
10358
2528
8900
5998
8404
2574
8343
7194
6406
6602
6810
10827
8864
8096
3387
9629
7842
106
2958
7953
5154
4238
6416
5735
1341
620
3911
2834
828
2537
5370
6158
8112
102
6043
4498
7007
1373
4291
1076
312
1009
3383
9204
8302
2014
5233
3373
510
2861
9895
1162
562
3338
8716
10656
10928
9346
7159
7708
1480
5534
6247
9181
3530
10670
2573
5990
651
3057
9780
7957
4990
6638
6594
2055
5188
4958
4359
6029
8642
5949
5783
1078
4111
51
2983
6696
5574
8337
195
9523
407
9863
3944
7339
7115
4956
9700
9357
757
205
608
9103
8671
9513
9784
1945
8650
3598
5848
10365
7487
3430
5158
4453
10975
1129
10771
4474
10827
5580
5774
5406
1491
4784
2233
8216
9370
2533
8362
7263
5407
2787
5712
8552
5479
1745
9223
4050
7664
9497
2247
210
4671
2790
1043
2792
3852
6291
5824
5851
4529
5701
46
1418
3804
1364
4258
7152
2228
4198
1165
450
10083
1186
4034
6057
9054
1275
7898
6713
5081
5051
1127
255
3979
1828
8152
8663
4484
1761
1492
1995
5503
4520
1747
2646
9732
9708
10522
9994
273
9669
5292
2262
5865
10687
50
4435
1930
9428
933
4803
581
2800
6399
8138
10995
8812
10145
4216
7957
1803
10565
228
900
1607
3723
2613
6936
3976
7984
6306
4194
3964
3227
9274
2979
4638
8461
6711
1999
7090
3769
3015
4466
4530
236
2835
4427
8879
3575
4085
8708
1224
1790
5832
6528
5009
2431
262
5850
1376
9780
1890
5974
9002
1208
5552
5303
3536
2197
3418
6056
10226
7312
76
1142
1737
9630
7509
9976
6579
4138
8395
3981
5704
10664
2158
6906
7366
3707
3180
7393
3966
10188
2248
8519
3069
8262
9337
4406
7630
1813
8862
1703
7636
6092
4893
6385
8538
10805
6466
1091
3168
875
1498
9665
1818
645
10153
710
8774
10024
3312
5067
10103
6481
2740
5116
3685
9159
952
9561
7280
3230
5843
1882
6507
9835
4005
8252
1017
5122
5001
2369
3227
4448
1920
6578
7700
1742
4228
9386
5173
9746
3314
5412
3178
7524
923
2498
10362
1667
8189
8190
5253
10890
8982
9535
463
2238
1353
10920
172
6283
3793
10834
3805
3574
7355
7453
10772
3829
1443
9350
10016
10907
423
9766
2493
7456
1897
1042
8977
5506
2276
7264
868
7120
3431
9692
5521
4720
4209
8002
1835
6997
2342
7339
70
9167
1731
10198
9671
2148
1050
10822
6508
6698
8020
10899
7289
7854
2344
1603
707
1928
1291
715
2895
4640
259
4894
4792
5882
190
5725
6799
5636
4656
4949
6317
7933
7002
7026
5167
8417
9342
10426
4150
6470
64
5953
6602
9171
10118
10186
8646
7982
5631
4007
1312
3761
5778
9097
4348
6334
1392
9515
5609
3217
10125
8827
8118
10899
8930
1768
4204
5129
4143
2369
6333
1885
7030
7490
10414
7053
3895
41
7629
6687
9433
3308
10215
3474
7688
5646
2623
8854
540
2904
2741
1516
5379
10025
8369
10030
862
1919
10068
6935
313
8056
900
2684
4369
8111
3963
8927
8650
4404
10889
11
3443
10642
8187
9596
10451
6426
9776
1105
8634
307
5003
4066
7163
2754
10459
1335
5672
6568
7868
7815
4779
8375
8403
1579
2809
3382
3989
4958
10417
4872
76
2471
2456
10796
7851
9742
8478
6611
4824
10835
5204
8371
5648
7568
1065
5657
8825
6879
1468
4289
8296
6131
1533
6320
7387
2690
6574
9024
8128
348
10672
10777
2582
905
4532
707
5128
5862
3772
3379
1429
7610
1314
3435
10635
9481
9713
1778
9698
6067
6159
4741
3147
6851
3435
5637
224
818
1051
8567
6903
5606
10492
3843
3424
1156
740
2553
8292
2601
5029
7250
3418
7823
7793
2443
4725
2511
7160
9303
6210
1056
1672
10680
2969
5344
10366
3576
10716
323
2944
6643
1460
10893
14
2494
2772
1549
9382
10869
10314
2412
5482
9514
330
7632
5183
654
1391
1755
5743
5833
9075
2093
119
4137
9869
2481
145
9399
3843
7587
3089
6176
4626
7369
8268
8983
5641
2772
2092
2520
900
5749
4378
7175
5547
10476
1748
6972
5053
2756
10364
6591
5516
8281
7965
76
10472
9103
2851
1669
3675
6210
3628
4320
2764
9689
6186
8494
6500
127
1103
4473
8463
8308
9342
6619
7293
4257
6442
7127
4377
5142
9287
2077
10535
8847
5046
3839
5051
714
1496
2014
439
7986
10435
5480
10312
8661
3647
1022
1132
1197
8219
6448
4428
1106
2453
8595
590
6498
7322
2165
5620
122
5935
1797
3154
1467
10792
6913
7177
1088
547
6702
1816
4284
5547
7824
8149
10645
5936
2142
4239
409
3822
7762
8502
3571
4516
3466
2947
507
8113
8517
5071
6902
6856
8876
3757
5846
4957
2694
3056
6656
952
10446
10381
5470
5109
7983
10943
6062
9853
6986
9126
4217
7120
9205
10729
7662
10944
9157
2483
2248
6545
6725
3701
1299
3668
7331
3530
2571
51
3795
1867
6815
4759
5640
5866
10250
4761
6118
10217
341
10380
673
7275
10989
8525
6954
4250
2261
1833
8011
9085
8258
9029
148
5196
7498
4320
8995
3539
2094
647
3864
8238
1932
1734
8754
10889
10211
3940
8489
2749
7468
3142
10107
10527
6897
9894
9474
4713
2513
3456
8565
9382
8217
4062
5810
9679
9246
6045
7271
6779
5814
8691
6280
8770
209
9555
6105
1314
615
1043
7168
1147
10485
7160
171
3208
7622
1481
5535
5136
9452
5958
2335
8060
9763
5414
4430
1756
10368
3760
10580
43
9432
2070
705
8970
9202
10441
2
9507
8192
1165
4757
6764
4108
7069
494
3765
4187
10619
5745
411
9883
2635
10424
3402
2400
6138
5325
9190
8451
1723
10668
8581
2726
8896
1671
8351
10533
6884
5870
1122
9175
5602
7124
79
937
5717
8586
5316
9603
2933
7712
1273
4386
9708
3438
3285
6941
6906
6610
1646
3620
3153
7934
2135
8850
10737
10280
1270
2171
6397
2193
2279
8653
8720
2550
144
8977
5629
3585
10341
8390
5029
3902
10138
1389
5818
3771
9485
972
10263
9501
7458
9186
6938
4583
178
6905
7464
201
5248
9699
10125
8999
2430
5789
10832
1103
9847
7044
6404
1521
2357
3091
7938
10182
6554
10584
322
7160
5412
9941
2991
10189
590
6298
7564
2704
5377
9057
4118
1638
1876
9684
10732
10630
8470
1817
9072
3659
3596
7790
10077
10934
423
5013
4448
7034
6037
3871
3729
864
10827
9460
7633
7180
6703
4229
2459
9818
684
1814
4589
4018
10867
9787
7515
1928
1145
27
10870
1635
2998
9345
860
7681
6959
3999
2470
6003
1214
8386
2837
7531
692
9261
917
3011
3298
7248
7142
4945
2347
1074
5147
6252
3978
7433
3982
1387
1523
3615
10466
6132
10177
8907
10715
1216
4483
8552
9297
7726
9887
1361
10242
2533
3213
6435
1641
7440
5102
3626
5648
9885
2484
8519
3802
8721
8912
5903
1682
1267
1216
2438
8614
4908
10666
2033
5733
233
4574
5387
6959
6283
7738
8388
8544
5579
8754
3075
10652
5218
57
10541
7687
6559
5098
4403
8975
324
4550
7781
10763
1761
7388
5078
2951
10555
9174
10281
762
4832
1414
384
4841
2146
10923
9883
2359
3600
9802
6519
7911
3613
10197
2177
7657
5126
5837
138
8872
2080
9061
4056
4145
7240
6127
7971
3210
6163
8084
3119
418
5179
2519
1528
6272
5714
5724
6521
6855
7523
2048
7815
2849
8856
10289
811
9161
10449
1624
1331
7516
1066
9149
5074
3391
3621
1591
4083
9482
10279
1443
5016
6165
10917
2411
7286
10093
3670
645
8553
9813
7797
7228
8266
5049
1243
10203
7986
7854
9494
5361
9062
5399
10468
7661
9068
2988
9813
5175
8472
4848
2081
7799
9040
10237
74
5696
4544
3219
3066
9902
10503
10759
2841
517
5554
2690
9532
2484
4058
8528
6509
1817
8807
6698
8826
889
2937
8305
1005
6669
7317
211
2684
5134
9589
7299
10638
2213
2440
1567
5326
4569
10292
6716
7166
7893
5835
7860
2448
6826
4306
8424
3182
2379
2560
4300
3191
261
5425
2953
428
9313
3415
10941
5285
7802
8543
5418
7162
3706
243
1830
2289
9881
6654
700
4985
5975
5092
6953
7374
8764
4510
1539
5840
3582
5033
8300
7915
786
9514
10535
6806
10151
4516
820
1412
7440
4824
513
5554
10625
10265
4263
10577
3593
10435
2457
2246
4517
6595
6574
2782
5542
905
4119
7410
9216
1553
9884
2393
10506
7722
10331
2796
5381
5435
10134
1082
1297
4980
1979
4797
2814
1613
1627
4416
6113
3376
1675
5948
2110
9095
8897
8442
6053
210
4753
5269
7842
8115
8661
1097
4629
1751
10292
3278
1453
9402
116
4802
1767
3699
8432
5010
3272
7490
3349
6035
2751
3524
1788
5374
6380
599
378
7090
3932
9602
4167
8419
5766
2739
8902
10946
3687
1887
3968
3385
9039
5200
3814
5449
3093
2982
533
10093
2411
1721
2148
2026
8879
3935
8301
9480
10562
8644
947
1101
6936
10941
3120
7746
6519
655
581
440
4681
9548
3516
8782
8939
808
206
796
3107
9296
8897
1685
3208
7219
8583
5227
8858
4542
2823
7682
7616
2972
7957
10767
5516
10737
8746
4256
4307
3510
3316
6433
2527
8248
9598
1093
10713
4244
7550
2457
9906
9149
1365
10727
7414
4307
1773
5248
1493
3009
2859
6646
8147
3997
8785
7532
10536
3381
3999
6378
6376
826
6443
2655
9294
8748
7255
10607
873
1559
6269
3369
2869
6702
4044
78
1415
5975
5967
8887
10353
1404
10884
5420
4163
8838
4035
2902
9116
5038
8144
2292
7207
8650
1488
2681
5750
8317
3558
4242
9898
6253
4605
8251
10295
234
6989
1979
8042
6962
4728
4944
10871
9698
10277
7171
6345
6
9895
4904
5310
1652
10474
6014
9207
9900
663
6514
2536
1394
2966
1689
9529
6934
214
1465
3300
2499
6135
3938
4030
4666
9613
9551
5270
7291
783
1638
1310
6388
6137
149
9032
10653
1629
7455
2523
2927
589
1406
5302
256
3715
9424
8462
8498
5627
359
9006
2304
2442
4337
4084
8690
10364
2017
974
10198
10125
6004
10410
4301
1425
10207
6956
9713
5109
8090
9543
7701
7064
1083
3240
6757
10143
6918
9649
10723
5109
6983
310
4117
1199
7105
1251
6119
5158
8554
7472
4249
2706
7806
7487
1506
5608
4412
7765
4596
9266
727
8683
9774
948
6690
8299
6177
5485
7385
1057
8883
3511
5820
5077
3887
9474
7393
8146
433
7041
10138
522
5696
3076
6698
89
2816
9391
9524
973
7449
4642
3966
9668
1821
8061
163
6049
3167
6873
37
2145
1414
6666
3798
6788
2725
6049
5434
9908
335
2679
2106
10133
10203
3755
9615
2676
3693
7357
8335
3900
7086
10435
9358
7036
9225
332
5657
4887
3966
5078
4420
10519
7011
3022
7973
58
10416
1977
6825
93
7449
4690
6271
7282
2116
3163
5464
8607
8247
4617
3457
4342
3095
9325
4576
8031
9159
8886
1955
6285
4059
8925
630
2328
10170
4905
9151
2610
10515
10122
3143
4964
7614
2641
7985
141
3904
7487
7937
10199
3679
16
4874
2805
4511
6404
7069
406
4230
5728
6718
3387
8078
7798
1801
7447
5704
1505
2346
1002
9497
4406
2021
6958
2413
2435
6985
3323
4579
4701
2952
7155
6646
3917
10804
7595
6489
7952
6174
3947
8903
1892
8671
4242
8841
5885
9484
2348
2075
2187
10468
993
7667
10664
4833
2401
2012
7577
5952
5887
9477
634
7935
2029
3437
474
1214
6624
5769
3080
2935
6351
8936
8748
6322
10041
8808
9703
9073
4099
1203
8777
5815
1457
1606
3873
4040
1002
6006
9418
1918
4914
3689
10957
3661
2258
4259
5492
3324
10420
7034
8508
567
3185
3441
4514
8021
568
5556
9204
4312
9019
4735
1023
7679
5836
5486
4208
7461
1943
1317
1810
4015
2479
974
6467
7054
10550
2317
5739
2979
30
4119
9986
10247
7788
4153
4623
5351
8826
1915
450
9079
4350
3534
3713
6882
5505
10084
169
9835
2235
4631
6429
7802
2844
4179
3578
9718
1351
1202
9218
4804
10904
10294
5474
5365
5066
10150
4171
7390
131
4062
6819
4230
1782
10993
6832
4003
7006
4508
3497
4239
6586
8102
3347
3252
5524
2883
2741
3985
5643
9596
4705
7702
10810
3401
10447
3077
6506
4460
9979
10888
9298
5766
1200
3970
9442
6783
6956
4226
2105
3251
10182
1163
2710
819
2671
1988
10435
5194
9484
1258
10595
8159
8638
2824
1207
6805
3561
2071
2050
5334
7678
3997
79
349
3795
879
6385
5771
8057
1144
66
9563
10231
8590
1447
5419
1580
512
2255
7532
2759
2618
5776
10648
8360
9866
8275
10968
5450
9700
2112
9059
7008
1121
9594
4922
3720
10789
6880
3112
6052
2980
6217
8173
8425
2751
5254
4104
9068
535
8891
10902
4906
9821
3463
4433
8229
8492
1676
4533
4939
480
7442
6960
4361
10798
4069
8147
4607
8446
360
697
7523
1180
165
5240
8457
10082
1318
2245
7143
9043
7396
236
6370
10771
1861
9349
3221
8385
2841
9818
4126
8908
5268
3122
10180
8460
8441
8167
9962
7773
1855
3416
1729
6608
8119
5042
10153
8582
614
3606
3334
9324
584
5482
3460
9446
744
1485
3400
3035
2181
3159
405
9631
8125
7969
4184
609
5727
3764
4039
1769
6307
10095
10328
3660
304
6147
2195
1598
10113
8743
8786
7255
1102
336
2609
2699
5453
2657
8378
1140
8159
4858
8152
6343
8519
2248
2779
7251
1434
5420
819
6036
9372
5659
3633
3871
8936
4374
7709
7604
3521
3802
10917
7308
2425
6499
4895
1525
6730
8079
9875
7622
6870
6688
7392
5726
152
10368
4388
9067
9176
97
1955
2933
9119
4126
9530
431
8364
1367
9780
6289
994
2270
2541
7272
7173
4437
10142
1826
10468
6948
8566
10718
5102
619
77
3916
1794
4845
8281
9171
3148
2722
8599
640
9386
1635
5595
4856
8742
10954
10298
2996
4744
7302
6504
5183
2665
9641
9811
8750
3695
2418
2191
2878
6945
8190
5874
178
2603
10625
298
92
754
7728
10477
5462
6958
9387
7435
4923
4614
10706
8801
9773
10703
3182
5288
7462
3301
2362
6493
6320
5712
5404
2724
4549
4873
5406
3818
5907
10417
664
1611
2696
432
2046
10033
9248
3494
10859
4456
1063
3016
7971
4432
3419
8818
8540
10211
3080
1052
3265
1303
207
482
2231
4552
2432
6883
7224
1420
6509
6987
1649
10282
6277
2052
7498
2039
2239
6679
939
10151
4164
7244
6995
5702
3029
5781
7223
2010
10456
3306
10898
3587
4177
6973
1459
3321
6710
4533
5162
1998
7138
456
284
7113
2423
10471
10829
443
9097
1461
9450
140
4151
4988
1120
2952
6100
1693
9249
3683
3346
2686
2001
9188
10729
10642
3301
9786
696
1645
6832
5053
10884
2036
6754
6401
2879
7288
6173
8123
8385
10534
3873
7767
4185
10759
10375
3324
1618
6207
1292
4165
4181
3430
2565
520
3105
10019
5785
10273
8833
7781
5477
6240
2267
7434
3073
7992
7831
4865
2018
7298
533
6931
7107
6732
9777
2925
9431
3336
2779
146
3883
5930
2911
9874
7245
8133
5121
436
502
3249
2014
8917
7654
894
9408
3566
10904
4234
6921
1675
9519
1297
1098
10703
5723
2930
6416
7581
2129
9026
7112
10761
68
6133
6796
2782
8087
6210
1212
2358
7285
8590
6154
8285
722
4543
4068
7225
3905
614
2709
835
2221
8092
5763
2505
105
7082
3576
10
2059
8443
1086
9445
9540
3285
8330
2030
2529
6763
4206
1019
6091
5562
10966
4693
4769
8874
7329
4757
6989
3646
6119
6529
9506
9393
6419
7642
3048
1384
7118
10250
6433
4926
6802
5347
3491
2847
19
1147
2786
5885
2650
10344
8204
8749
7773
3806
3463
7948
3120
4942
10369
7107
8922
5523
6728
6136
5873
10389
3236
2836
2052
1678
8575
2170
9170
4225
10487
8277
9971
7598
700
9923
6294
2303
6571
9708
7317
10910
6404
265
10154
5495
530
6655
6632
9996
9843
10716
3313
4003
638
7905
10400
8957
10894
2215
1125
7973
4681
8226
5211
10619
1598
32
9881
934
8112
615
877
10822
6101
1441
1465
1798
9525
9157
2792
2582
8790
9166
1630
9697
6441
9589
10819
5649
1472
9347
7651
7591
7733
9777
6693
8491
4640
6437
10850
4440
1778
3544
4332
8110
8421
9680
5912
4470
4716
8500
1394
8516
6511
5065
4106
6955
10517
7313
2410
3849
8128
6750
1638
7253
1450
10255
2274
7661
6077
10202
937
7407
10593
1092
242
3371
9671
657
2875
7724
126
3993
6726
1030
2328
8009
5881
1826
4034
5507
1240
5009
1681
1237
1221
1677
6122
10720
1926
2946
9947
1278
8649
7002
4386
3023
7432
432
2435
5515
7795
4885
5926
8716
9030
513
1412
552
291
10232
4539
121
1202
8495
2195
3134
2528
5328
9586
2251
3511
7623
5584
4984
3634
8999
1708
53
3207
10851
10395
8756
1740
4835
8229
7925
9729
2073
2803
10509
1074
7437
8527
1668
2341
4512
7659
742
9626
9487
8279
3659
10727
2638
10401
5139
4249
1046
6094
10837
4367
2229
1545
3162
5636
7454
1470
3984
2997
8073
5533
609
4915
1254
2977
3484
2438
8095
8234
3669
3871
9770
4580
3798
7998
9073
7261
3900
5888
3907
3959
10364
6357
10026
5839
6153
5104
1810
6835
10643
10992
6517
8952
9473
4444
9294
223
4695
10258
7257
4844
4485
7935
1169
7180
9589
1040
2233
6344
4614
675
1046
821
8736
873
7539
2191
8032
5306
1500
7885
79
8376
8264
2521
7903
8644
1818
6827
7863
1161
8289
2559
10120
5425
1565
5408
9298
2290
9590
8886
5920
3455
2935
2724
2982
2291
10657
3953
10671
3398
5290
6795
7732
1238
5034
2548
5603
5006
5593
8988
5232
8621
1763
2339
8517
8052
2234
10267
10598
350
5480
8053
3936
6040
3255
4481
6626
5696
10779
6777
8445
2261
8662
2610
10238
6038
6698
825
3371
8280
7901
4214
519
3310
9581
3327
3000
5562
1519
593
5093
10788
6900
770
5999
2394
2739
3036
10301
8769
162
4450
199
1177
5841
4960
6054
9229
5553
1262
8456
4477
4513
7480
10871
222
8838
36
2990
2104
286
10694
2027
4378
44
8323
387
5981
1773
10761
10511
10476
3140
802
6322
2042
8654
7115
1204
1007
3532
1057
7176
7629
5208
10792
1991
6606
621
3379
6626
2497
10388
4352
5367
3762
4919
4240
7524
6603
2621
940
3606
1969
8172
10004
9201
6928
6320
9442
8400
7198
8451
2634
1838
10285
7522
2275
8233
5199
4885
8781
6803
305
4134
9509
4656
5641
2215
4360
8108
3396
3553
6210
4054
7322
254
1823
5821
2797
2835
6433
371
1659
7566
1571
6738
9535
793
8852
837
1738
1724
10923
10966
4570
2282
8383
1038
9251
9586
9389
5920
7409
8009
2518
7438
9234
5747
816
884
2951
598
493
10362
8383
2237
10466
8231
7695
5140
4257
9320
365
10544
457
390
1973
3415
7793
2908
1787
3596
8349
8552
6919
6416
2058
8265
8688
5390
279
2390
10475
7547
1008
4896
6197
4767
10171
7530
4
8451
7882
1800
1543
3334
6420
3823
4346
10602
4246
66
9196
7690
8135
2868
4048
6768
3995
3005
2482
3356
5804
2937
3857
1677
6981
10781
1551
6957
8230
1515
944
6227
8343
8030
6976
5281
5404
7550
5368
7274
847
2063
2927
9716
8145
2709
5486
9413
2818
4844
2248
7455
10145
4737
2233
4571
9998
10303
10768
763
565
7618
8943
1342
1535
10841
7626
7983
3045
381
6600
7770
1242
5835
8091
6449
8623
6964
10876
2906
9161
2497
8118
3366
2896
9047
7136
7675
7174
3947
1611
3407
6744
7415
10795
9286
3336
651
7117
3305
8829
8607
868
772
5924
969
2587
8838
1596
2504
3643
1367
1354
4846
899
9811
7128
4048
3769
6636
5617
6380
6623
3194
10331
5576
9885
9907
10570
2041
10058
5249
3570
4627
7837
7629
10461
9686
3501
3311
86
10844
6290
9139
4284
9493
3320
9183
5083
9909
9627
10569
9466
3925
5100
900
10469
9131
7786
5575
3688
6374
9621
1397
4299
9264
909
2698
992
4429
8520
6508
10694
10731
10036
4320
577
8534
6924
4107
1944
5158
9523
3862
2905
9458
239
2149
5484
8202
6525
5817
7386
5473
1635
8925
3267
6778
6383
1784
8704
6890
9134
10389
2641
8381
5417
4840
10556
447
371
1203
3606
6347
3186
7057
1203
5463
6824
6166
566
9055
4043
2836
8679
776
10446
6447
9520
10700
2297
7888
7951
440
5451
8574
9309
1783
4155
8848
8963
7863
9579
1533
1156
3775
9323
385
9475
8785
5258
6411
6431
5082
5983
3469
1132
5806
9012
8661
6562
7442
6538
6245
5838
5925
967
6958
5387
2495
8372
2774
7073
6943
10681
8536
9882
6154
6684
7377
5457
2954
7285
6053
4380
7401
6096
5001
2033
7860
4185
9161
1805
3182
4064
5334
2071
9729
5595
3142
6949
649
5883
8220
7513
7110
538
2130
2687
1003
354
9234
7632
9244
2671
6566
9094
1398
5881
7906
7900
9008
1537
8715
10590
5384
1130
4170
4438
2849
1828
614
9066
1637
2874
3126
4182
2117
8162
2955
10209
5118
5074
1723
4527
3880
4141
4324
7742
1601
5578
9041
7793
2741
5299
856
7444
10143
3504
5337
8289
4024
8712
2755
8040
187
398
8015
6497
82
1849
6183
7282
5863
4445
7771
8424
1272
10308
3767
9205
4963
8346
4310
7548
9750
5249
7335
5912
6674
10214
7591
4762
6907
2574
3254
10579
7110
2035
7575
908
2533
3200
4354
5381
4508
2356
6098
1469
10808
5389
9181
8645
4691
967
6854
9500
6792
10596
10743
1591
7889
236
10870
6067
8821
4989
3889
6646
6406
3784
303
9631
7234
10021
6577
159
6121
4199
1686
8277
9651
10994
1743
10308
258
5242
8803
7209
9734
7915
5864
6482
9973
9265
4781
3567
6578
505
780
7033
1308
1664
8498
8839
7936
9306
5559
2470
6518
485
6215
2716
4491
4130
9986
1643
8730
5997
8417
3210
2170
3922
5624
349
6574
7753
3936
2777
1373
8024
4291
4423
5383
199
4536
3672
2558
9329
8806
8890
2409
602
6290
709
3210
2666
6134
1692
10514
1658
9870
8005
6896
5136
2778
2143
2551
9060
3590
4694
8147
1783
490
10455
5105
5768
9442
565
1558
9214
5169
7428
2214
4149
5182
2077
9379
4485
7279
10963
2966
5262
10381
8207
7605
6612
5653
3733
530
9787
6010
1149
2766
6596
5324
1072
10732
4199
6250
4155
7477
6073
9622
5056
2997
9969
7258
3982
862
400
10731
1961
3863
7568
6475
1705
6844
2201
7539
4898
8443
6249
10470
558
8581
1472
6274
7822
1692
7193
8325
1761
7704
2476
4983
6568
8839
206
2858
5382
597
9028
9908
2691
3633
10616
2866
6303
5040
111
2842
5615
4520
960
8472
1888
948
4361
5270
2732
3619
1915
9002
5162
1237
9278
2268
9456
6925
1608
10720
2802
1916
4393
480
6522
4156
6577
4527
5033
4933
4073
5129
4223
4648
10402
10838
8249
8417
54
8279
1924
8258
1029
4102
7570
10906
4829
5391
4399
8397
6576
8138
5236
6067
2884
2282
147
2333
10121
10181
664
1258
5059
8476
5759
9193
10295
2203
8613
260
10643
3113
7665
4499
994
973
1556
1936
5724
9717
7478
9083
1783
9050
8625
4005
8727
3669
10158
4668
4160
10751
5757
1213
206
9794
9293
5458
1304
668
215
9165
7624
2143
7298
8549
2673
3667
8447
311
6659
2712
9452
8544
386
3311
1709
4982
10910
7675
4059
3441
8206
42
9707
1070
6538
5882
4057
1878
5599
5438
99
6230
10704
1640
2947
9379
8394
6408
2021
5508
8554
9033
9031
239
3964
7476
7212
10834
6792
827
4683
7167
5781
9512
7323
1686
8684
10232
9060
8908
1794
3658
10325
7199
9803
6011
5149
2950
10090
9847
1741
4670
566
4729
2195
10567
1470
9177
3233
8031
9348
5343
7551
6095
8346
2472
685
1236
4365
8254
8213
9748
3268
9010
5551
7366
10290
6733
748
6866
3697
5876
9565
5136
10598
6927
7322
9095
6367
596
490
6907
10866
10109
547
780
913
423
4217
7530
4170
2321
1756
1241
9005
5749
5935
10667
6733
10831
5802
885
5067
1055
4118
7946
464
5139
2273
5451
7452
3110
9335
8032
467
1980
464
10104
6644
6956
4061
2801
10600
796
5361
1445
9024
3224
2638
6937
8842
4481
4939
7707
3238
5139
3480
4171
4681
8832
2401
1861
3681
4691
8417
10427
6136
8220
10610
9380
497
7796
2043
2204
8212
8972
5897
1274
3378
6706
5150
1837
2085
6133
10934
9688
2868
10556
6627
7181
7472
4695
411
10332
10905
3609
9984
6951
6001
7111
4373
7579
8663
10946
6583
4048
4218
1611
8017
1135
9402
5674
2282
7780
3434
5183
9086
1079
4627
6349
5096
7549
9089
5990
6275
2678
10199
10236
7920
5991
872
2426
1210
1384
9926
10815
9554
7432
3042
554
4506
1356
6629
2613
9236
9284
10691
5853
2792
8036
96
182
9653
5862
5988
4185
8140
10741
9093
2725
8105
1776
4009
8404
10062
10003
2325
9018
275
2247
664
8080
3658
7256
2968
4521
5082
601
1425
4279
6546
3698
3992
3754
486
5204
2934
2439
8292
8386
8053
8545
2603
893
7879
10059
6353
3692
3696
5103
6006
3775
1714
1654
4829
2144
9399
2047
4297
1904
9593
7669
2560
7682
5475
9262
6756
10526
2078
2547
9455
8233
3559
8886
3683
7986
4989
6586
9431
10475
5876
7341
5818
2440
8719
10939
2369
10978
2389
10761
8084
2919
730
3612
4333
2789
2846
2502
4818
1532
2815
6027
3865
10575
4997
142
4426
7011
3406
8064
396
9537
2958
2628
5616
10408
5835
87
3712
8213
10127
10530
8626
8475
9887
4337
1071
5426
6161
254
5600
3898
1145
3614
10940
303
1958
223
7775
7593
5431
3682
43
9907
991
7134
3833
7856
10399
6172
1430
1065
4475
4109
570
220
5038
4428
2972
4903
2951
8907
759
8826
8787
916
6940
6710
816
9947
3841
9309
8331
3534
6486
6954
10936
6369
2725
1820
10987
4036
9473
10263
7849
2858
412
2051
5897
3537
1218
2882
1445
1971
10817
5704
555
1198
3870
6987
9782
10996
7989
9102
10079
3564
3994
7758
4361
5842
3260
9507
7103
10531
365
9568
8563
3377
803
5588
5261
10618
1904
3848
6149
3124
3193
3995
6920
9848
2557
2872
5651
2924
10177
9391
8205
9823
609
2540
662
7448
7999
2421
6034
533
8650
6410
2578
3176
7102
10936
5211
7066
3041
2293
1721
10482
4916
4780
7657
7049
9584
5583
6032
10479
8404
3297
3962
1853
6755
6399
9849
5934
10555
1877
3177
7300
4317
1241
8603
4588
4103
8757
466
4029
9260
6861
3421
3000
3023
627
3363
10109
3895
1419
4808
9219
10066
6230
10984
2085
7295
3719
10437
5252
2471
6425
6287
729
9985
5181
9610
2662
6522
5139
2699
10732
8753
770
2435
5331
5806
5966
3946
5824
47
2369
9713
10648
1755
6742
371
7175
2569
10808
7916
10687
6359
565
1410
8165
9177
6576
10165
164
9788
2731
9272
9824
2682
4969
9775
3733
6153
6084
3486
8739
6386
7274
8414
2811
