4741
1793
8467
9607
12638
2589
10834
11949
7624
6463
8384
3009
6356
8474
1825
2267
1369
74
6750
8945
41
2583
12360
10537
8330
6714
7985
6075
2033
8055
9739
11421
12602
12385
11281
11311
7289
7664
7301
7352
957
1111
1241
7980
9788
10278
2193
1283
11551
9388
5181
10421
1087
351
7344
11089
4131
12803
3677
9556
4388
11705
7012
9318
10314
5760
2623
2282
1156
8234
10820
9192
6795
6820
10735
955
4861
2885
6534
12571
1470
2628
324
1931
7810
8609
4604
3239
2553
10712
2801
1079
120
7168
9531
6914
8020
7598
7991
7971
4218
1144
7275
12420
5360
5278
1947
9535
10170
12097
1211
10186
4630
8110
2457
1180
522
7877
11485
8708
9256
3668
7989
11799
9076
131
3473
12605
1583
11450
2205
5406
255
2744
5407
11686
10801
12591
7091
5989
3931
2858
9773
8036
3771
11855
5132
8632
7884
12920
6083
9162
10599
6760
177
9862
11779
8474
7087
4290
12942
8182
2690
8536
11246
3435
8934
12662
5765
9328
11428
7649
2161
4965
6883
6348
7636
885
11570
12429
1065
602
5241
8404
5029
11920
4330
12351
9140
6026
11764
8418
2072
8011
4134
7526
6045
10065
11301
9765
12
7022
709
12876
4326
2124
9048
2004
1739
233
7286
3189
6805
9932
6117
7840
3750
7944
1641
5485
5177
8667
4964
299
4374
3588
2861
10385
9501
3492
491
8945
10288
4876
2756
10999
7262
12631
4275
2369
4396
6424
1646
6101
10859
12114
7493
4413
6890
8065
1086
12907
12252
10242
12466
6504
5602
4
9121
5873
7563
12295
11828
12091
2941
8173
3146
3977
496
12170
11803
833
8251
460
2494
8297
11988
11175
7689
11904
10329
1301
5979
36
8253
7081
7111
12004
1662
12040
882
4665
12545
11438
4069
8812
1830
9114
7965
992
7601
9316
10143
937
9313
11605
8696
12206
9638
6731
2018
11334
3992
1397
6173
4220
12413
331
2082
3828
3367
4127
2963
4398
4175
512
10177
7544
11350
3823
9950
10458
7473
4993
118
1253
7137
6545
8661
9954
7794
7913
2962
842
2669
1569
10585
2391
826
9632
9
1628
8747
11727
5609
9004
2311
5237
1492
12424
11492
5562
896
365
2578
1341
4822
11966
8268
7313
2223
9102
8127
2170
11600
8523
10676
12563
10669
6233
12526
686
9465
928
11628
4507
9755
334
2335
5599
5019
6132
2649
11499
4980
3641
2562
6644
1164
7398
1089
11322
10245
8975
3982
8690
359
8446
380
7095
5843
511
4721
4662
4092
9795
639
8060
3057
12000
12804
12031
8901
12909
2330
6396
4983
1863
6995
5213
961
4190
9274
2328
6294
5354
9689
61
12361
8569
10076
9367
4944
3577
10709
9542
2424
2743
4861
5532
4918
9674
12963
10687
9956
12894
2476
200
1513
3779
10496
12992
2127
11227
11798
1191
10268
9767
9417
2111
3429
10103
8565
11876
468
5217
6605
12447
3630
9276
1964
9339
12
199
2589
1375
4551
10000
11695
12065
4321
5304
3895
11442
8385
358
1702
3288
3709
8663
5467
11878
7416
4806
9951
8519
1456
11401
4260
12990
10982
7268
5892
12370
2024
3018
10528
7964
7505
12463
5732
3407
9561
2186
5492
617
5507
317
3673
12615
2151
3318
12749
6799
2333
1156
8092
5685
7413
12476
8300
4766
3539
6944
9271
10974
4625
12833
10208
4658
9496
6682
431
6903
4680
4300
3362
6833
3765
4992
8257
8372
3974
8164
5684
10847
2319
8507
7892
1910
10649
9334
6827
4085
7395
298
8459
11758
11583
5756
10162
1883
9578
2884
2322
3652
10512
3256
4116
9550
10227
6309
12735
6867
9733
1872
3223
7650
3838
7940
11568
7648
3403
7990
12028
572
12818
366
9480
81
11350
175
48
7605
9646
7990
2993
3054
7820
194
6319
9460
8252
3579
1467
3607
11770
11432
1641
2281
10594
4367
3471
1450
12332
3932
11643
12250
2216
12125
10862
8347
9721
1245
9562
10393
10536
7256
12350
12720
2010
2816
7742
11883
12506
8060
4621
3366
10952
5692
10177
7358
5009
142
2417
1791
7229
5918
542
5599
2037
5549
2918
549
3384
6353
9151
11012
6209
6048
11665
2309
11872
4927
3530
3694
6726
9563
10539
4256
2405
7214
4492
2251
2190
4051
7784
5957
6737
11974
12520
107
6922
6683
10421
10152
10871
9291
12656
12092
2587
10035
10745
7836
6450
3730
2361
4429
6358
5494
2811
8489
8132
3581
3836
1666
8583
6236
10904
4058
9018
12631
6141
8027
2213
10026
698
5876
6792
6061
1324
6365
4003
10285
98
6347
129
1613
4567
89
4772
4644
5689
7310
132
3264
4050
12000
9894
6304
4355
8372
8022
11424
292
11137
258
5479
1322
11363
12320
842
9643
7125
10627
3451
2485
7311
924
6791
6468
2393
8696
4620
2387
8242
5589
10341
11886
6325
76
4322
11003
12271
12628
12066
10562
11068
587
387
12691
10284
2659
2589
8213
7470
7154
3802
4744
9148
10577
10778
11272
7452
10669
9142
12384
9342
3464
7524
1764
4419
8989
3008
2026
7807
404
1069
24
12052
10084
2846
5153
2264
4129
9533
11302
5968
8260
12345
1441
10462
4340
909
6624
4716
8307
5824
3519
5542
8390
792
11039
10970
3935
3684
9156
12031
3868
4457
893
11454
4717
9130
8399
6050
3234
2151
3621
3384
10548
10829
10143
1159
4817
10358
7535
7918
9543
12405
623
12035
8724
6606
7875
8798
539
4953
10984
4049
10180
4908
1172
2374
9309
11821
10003
1624
439
6799
5460
2058
4235
1326
8643
3956
1770
325
6004
1759
2895
6311
1555
6060
9431
151
4974
3844
587
10125
7009
5594
10392
245
3226
10880
9921
12146
4135
8161
8666
7249
2762
4478
3314
7952
9202
9466
3587
789
10091
4281
9837
9230
10804
12931
3117
8072
455
9033
8751
8601
6631
5452
755
3814
11512
3338
3199
9428
12003
8501
11581
714
6974
9153
12023
53
2165
4808
6127
12026
12528
1776
811
7548
12725
6975
8497
2226
3653
1192
5873
2038
5013
171
216
6648
1609
1003
9092
6340
1983
1416
10195
8705
412
3519
475
10289
3810
11281
1667
8502
7237
3482
8695
9646
1297
4506
1600
3801
3380
9173
11132
11587
3624
2900
7512
6602
8234
9808
8703
1862
11475
2042
7394
12479
5441
7047
9858
668
1128
2037
12590
10735
5395
4666
9036
8343
12319
4951
11373
9442
6501
1665
420
10471
844
7132
12668
5632
8771
11319
7307
7962
2918
2922
12997
11467
8731
2942
8547
11661
5849
10364
11875
10975
6218
9115
4437
7652
6853
12899
3585
280
11550
12881
11778
1219
10540
279
8465
473
8639
8754
847
7674
12017
5244
5306
12247
3976
9099
11091
8877
4690
1493
5148
7251
2136
340
10027
8004
1861
11867
10599
12134
4262
9372
9665
7070
10057
11850
10454
1885
6190
12085
12402
10957
5242
11622
9572
10064
10312
1749
11222
1276
9290
7767
9898
7444
588
2756
191
3529
463
291
7194
1705
3923
60
1480
5398
88
8598
8803
508
3945
4421
4347
5586
1117
5441
2866
5085
67
4530
8240
3770
5548
1415
7557
4488
1068
12726
1079
12786
12834
3843
12486
5557
6003
5772
1090
4508
11562
9834
8423
12843
6087
1202
7470
4736
7515
6605
5644
3272
8727
1632
3141
11771
9334
7113
3554
6355
567
5885
2209
2635
9199
6469
1171
5237
2594
11273
2371
12995
10040
1736
2620
9938
3681
11252
6160
9273
8348
11424
3788
10894
631
8409
3059
9821
5514
3048
12582
5410
5850
824
9097
5065
2890
375
12457
5100
1047
12938
3576
7224
799
11223
994
12212
3440
1757
7228
1159
7642
8768
1327
7644
10162
5523
3184
3698
3251
10952
1552
12789
3424
8160
10869
5468
151
10394
10614
5956
547
1067
5712
2566
2332
323
11618
3223
4176
11684
10886
12284
8934
764
11938
2585
10930
8101
10421
1419
10313
9652
10488
11701
6915
9172
3366
6866
6348
10836
2326
4194
7803
8168
8556
4540
4453
2103
12590
11180
756
11806
146
1956
5360
10756
26
12271
12176
4925
1865
12089
5915
10593
3899
3859
5571
8486
6909
8167
11322
6788
12828
3696
3068
11903
4173
4288
7986
7393
2943
11270
7548
4441
7845
2281
9117
12541
8466
8787
6257
6030
2599
7291
10551
6611
8196
8993
4519
7424
1712
10157
12995
10694
1783
7778
12087
10732
12015
8104
3490
2154
10702
7668
10967
2419
12547
7956
8980
6734
11053
9876
3631
11062
1507
7824
10425
4881
10069
10561
7044
12912
692
3537
4618
7221
5475
12122
6941
4528
11395
9518
7301
10790
11965
12049
9897
10550
7678
279
10585
3342
2128
10634
12529
2568
3438
8527
9900
6590
7884
1323
3966
389
12930
8937
7157
6496
6368
7305
6705
12538
371
5066
11274
52
4991
10485
1809
6290
11186
6046
10804
6557
7138
3752
779
4070
1053
4640
4423
8150
5998
9600
8219
8436
3253
7047
8567
6350
5899
10949
1772
12263
2652
11607
8618
8128
7627
1153
11336
4599
3750
4110
9281
8764
12748
5392
10054
5234
3182
12263
10522
12382
9647
2442
1000
10237
9569
4140
6746
4596
3392
4695
6841
11974
4144
9530
3753
2475
5797
4579
9793
3683
2789
7853
7998
6338
4541
1896
6050
11600
4671
5303
8729
9473
10184
8941
5681
8971
4727
9346
1403
1605
419
7510
12859
6447
5772
3381
4062
3523
7599
5448
7790
53
7550
3154
5888
12073
9818
7338
12409
11771
3801
5718
5194
3682
10020
1419
6744
6754
12658
8149
8487
4291
4213
5729
9801
9834
5386
2366
11412
8069
9806
4557
7691
11713
10643
11314
3750
3154
11314
6222
12524
10040
11981
5713
9603
3828
2474
7379
12178
2420
7248
9105
10091
11730
4881
8870
8432
4422
12787
3977
1798
1026
2239
1524
6828
5757
2471
1301
1751
10565
7401
12439
10758
12423
3735
9796
2377
10572
10624
10368
7625
178
1287
5755
9480
595
6282
2798
11613
874
8792
351
8676
5964
7539
896
5617
9071
3142
12445
3365
5554
2297
12065
10857
2294
6174
173
2234
6039
11509
540
4279
12237
8081
7107
5480
5689
6782
1495
5728
12027
7602
10192
3402
1101
10543
11514
2118
234
5134
10444
8851
9888
12485
9312
4868
9587
5296
6305
5738
2875
9753
349
9169
7281
4973
4091
9492
12256
3617
7558
7915
7436
4062
2369
2998
193
3771
9870
6838
4011
7384
8220
792
11325
4453
3009
4036
3579
8612
11718
9925
6378
12438
6594
5356
9023
10547
5016
5348
10790
7495
6596
8162
9328
9394
433
939
9345
546
5397
1223
7443
7192
1605
3703
9999
2385
310
6467
3723
458
12133
573
6329
5765
8747
10248
9063
732
296
3195
6117
4647
6462
1053
305
4631
4854
7523
5841
5410
11776
9497
6043
9370
1132
11698
9447
2603
54
8585
3165
1672
8112
8166
5417
1576
4853
7623
10472
12900
5898
11735
2972
9983
12226
1225
2979
6587
79
7983
12676
7267
11257
11431
1234
11383
10092
2420
2720
7251
8262
10186
551
1516
1329
822
6864
12571
323
7425
11329
12087
2523
12169
6025
3426
12644
5000
5933
9854
12118
1085
3798
11892
717
4445
7574
10036
10219
9624
9035
10916
1694
2137
5404
345
10676
5166
11661
6478
8618
4346
2239
10523
1496
9919
8498
5343
4283
12033
9279
11469
7920
73
10247
6204
11529
2201
9134
1591
8300
5455
6322
3888
8929
12947
10012
1814
9360
7095
12616
1142
200
4611
11136
10087
9001
9608
7266
403
4428
6961
12460
5128
4587
12435
11589
790
12388
6303
7534
1800
3890
4539
8615
866
1116
8863
436
7153
9890
8096
193
4942
781
8665
7674
1537
335
5518
11341
11443
9868
6052
9771
373
11248
11641
9496
10524
7716
5297
9695
463
7758
3318
7835
336
4951
10346
8433
5064
327
12206
12062
1863
2608
5136
5527
12895
1863
3106
333
12536
12690
1091
6359
12676
12946
9315
3484
6254
3221
6122
615
8036
10211
5408
8060
5255
5322
11051
12178
9821
7220
1812
10858
4684
3024
6100
11314
10424
12149
3047
10040
1820
9637
12250
9882
3044
980
10796
3809
8180
4385
2582
10212
12075
7313
1901
3862
7333
7026
5060
5307
4330
5978
10601
3276
12029
696
10280
10996
10974
5492
5933
1586
7727
2434
2638
9226
3328
3708
8413
11847
10091
12706
9931
2923
1049
786
4434
3678
5271
6799
4368
10993
2721
12936
2806
11682
2651
5910
7274
1696
8214
6777
8151
8538
9809
10037
3640
4677
2241
395
4508
9457
9161
11282
6049
6210
9977
11595
566
5669
2063
9791
5131
10202
5121
11897
5898
3095
6148
561
2565
8947
6531
7337
11441
3816
5095
262
2460
3693
3943
5680
12449
3076
949
10862
7551
701
172
33
9910
8394
11214
12672
1607
9251
100
3075
5227
7287
2411
467
6981
9083
3450
7949
1004
4445
460
1703
4393
551
11377
1961
48
8419
6043
6043
6269
8774
9562
2555
558
1242
9493
3434
10693
6305
10125
9730
5912
9259
435
1863
12577
3790
6481
12097
10481
9143
10149
4218
10862
7181
3578
629
1901
9996
9948
449
12447
3856
11793
11967
9260
8325
10341
2387
10661
2084
550
7649
10156
6608
8421
7769
10364
9908
10895
5752
11091
5119
7548
308
7674
1153
2189
8911
6436
9794
8001
4958
10477
3947
11963
4629
7378
4012
6230
3152
11399
12654
144
3313
12341
4080
3673
11917
3610
5750
11456
4418
10194
10887
1572
4776
3649
4963
6941
10327
5956
7696
6055
4658
5038
107
7955
4222
6299
6587
11791
4616
12062
8607
562
9735
5828
12774
2860
10666
2730
223
11311
1219
8368
620
6759
337
52
11671
328
9628
440
2122
2173
3243
9679
3671
12596
12700
8182
5089
9215
5646
1577
4997
2115
1723
5461
276
6168
11478
5057
293
3732
8787
11621
6504
3552
7414
10835
90
9174
43
3080
5725
8500
6828
4735
11668
12228
4080
5852
2835
5979
7277
2629
11697
670
612
6452
2535
4236
4302
8917
6771
11078
7083
2720
11436
4799
2771
1613
9906
8232
8679
4863
362
1029
1980
8020
7935
5913
4089
2381
4222
11797
1312
4069
12066
3927
11611
11224
1238
3795
719
2299
10445
6754
1971
6323
3681
1308
9924
9948
12968
10581
6343
2806
4452
10515
6422
10827
2479
5944
5162
12254
2103
1230
9948
1941
7282
5865
8008
3815
2992
10895
5959
11220
11470
3396
11907
5382
7561
4495
3237
10690
11401
5706
6910
9129
8616
8514
6817
6551
9744
5730
9312
5361
11859
12221
5726
2135
4793
1638
11677
12453
3444
10011
11745
395
8307
6777
1967
12829
78
12770
1391
2749
3205
7529
5287
9195
5452
9224
893
3555
5686
1717
1691
10007
4295
20
12563
617
261
3906
3207
8821
12058
12768
6825
3025
10592
6305
344
9878
949
11046
3982
5126
3826
109
5157
12723
7543
4979
6892
9162
12290
8271
2190
12804
8277
2139
5272
3112
7849
159
9516
11381
5112
10763
2721
844
7357
5835
12522
12053
2939
9236
3110
8626
1428
6065
9102
28
8831
10834
12515
7330
9371
7621
3769
10181
11779
8065
1287
2418
1310
1528
7967
1347
2513
3660
3975
8743
3715
8660
7583
7833
4465
12190
6814
4051
1955
353
12882
10042
10797
2491
12975
6426
783
11186
1327
8856
314
12067
2583
6693
2783
6963
11659
1604
2623
228
8609
577
12731
12577
3792
5148
12008
10464
2214
951
12182
6798
6993
6037
890
2846
10570
4086
4970
8013
10788
9543
4123
12894
9814
1398
6023
4686
8877
8824
7089
5389
9392
10489
9674
1595
8663
275
102
8047
7361
268
1710
2588
6430
3205
6184
11834
5244
4124
4637
4166
7049
3315
1404
1762
9458
4649
2044
5805
7566
3184
7247
5896
9394
2929
10028
9926
12276
7929
3278
11377
8663
12499
8821
4933
7542
4379
10478
11228
2743
6836
936
11670
12608
2086
3203
3978
5918
11881
9467
10759
7564
553
7546
7945
10346
3892
8946
4241
108
2422
4969
7567
6407
4681
2843
7309
11921
6352
5907
4424
12039
6166
9643
1667
7574
2711
9544
584
9591
3999
638
6582
4855
5857
1551
10272
6070
7033
8297
5774
11302
8553
4520
10332
3412
1621
11420
10822
7553
6636
8303
2130
4469
2076
11406
1684
6429
9321
1736
11030
7599
5471
7682
1382
10903
3149
1896
3579
9993
953
10256
1738
4471
9277
3654
1935
11127
3188
4923
5650
7194
4151
8196
8239
4331
7379
8923
6624
12411
8192
9593
2424
4947
748
9648
127
4137
3822
5887
885
12589
9032
1238
2450
5800
1185
8269
7820
8169
9270
1521
12446
1709
12547
6200
9963
1309
6792
8678
5608
12792
3420
2646
10711
10082
10241
3961
4396
7987
105
6269
7067
1015
1203
3694
9138
3566
4946
4723
4859
8280
11920
10243
12945
10919
8328
9092
5531
5990
7493
9627
9629
4165
7436
3105
5688
6299
6413
10492
11950
1992
7407
12835
9878
12107
4198
7080
851
8464
3281
6622
9096
4703
11564
10702
6942
10148
3245
7545
961
1785
4475
11073
11111
8171
578
10892
1907
10663
3422
9922
2059
8992
2322
11236
10097
75
9803
5036
9503
11539
2884
9311
7019
12159
7621
5153
12721
2651
8220
7306
9910
10385
8922
11240
4072
11024
12669
7893
5746
4860
5582
9385
9735
3927
3598
10900
5102
5929
8090
10947
2996
10129
9941
894
2467
10778
7351
10446
4608
6883
1447
1635
1360
1420
8000
9608
9255
973
11597
7608
3816
7878
12551
9795
12068
11710
2595
1759
4529
11886
5390
6613
9188
6586
3638
3991
11387
2370
6251
12322
10635
8206
6689
2275
5773
8484
10976
12710
12080
11981
1548
3807
543
5553
514
6051
3493
11208
7672
7103
7599
6537
12331
12158
2284
12241
8181
5477
8660
6623
2247
4681
11990
11223
1501
1216
635
2720
1375
1477
8984
6209
12466
10491
9021
11865
11309
7905
3940
2107
65
10210
147
11843
11605
1441
3601
10590
2009
3145
11042
9329
10522
8467
4209
2736
11681
278
8218
4615
12430
11020
7225
8417
7180
11356
5932
7039
4681
12734
2447
5249
12089
1730
12975
391
776
6453
7254
4074
588
1342
9407
10935
7081
10068
6322
5547
12398
2932
10924
2878
11076
10598
9834
3492
9194
7974
11304
2409
10303
9963
8653
6331
1134
11767
6718
4460
10321
11801
8501
5015
2424
10387
360
2789
9632
9926
5535
12226
8338
2194
433
3738
2224
10591
40
5343
58
10808
7486
2146
9375
2746
7713
3297
2281
8768
3231
1666
10612
465
4183
2215
2193
10430
8322
9904
7667
12023
10523
12497
1380
3772
4083
2256
4095
8707
11386
1883
3081
6734
3567
3733
9192
10685
6005
1679
5811
6399
11030
5091
7724
618
4155
920
5635
2701
8556
3663
12622
11381
1358
8802
8365
2930
6248
4811
1206
12013
4100
605
6025
787
1152
859
5771
3090
1608
2814
4003
1637
1697
8606
6908
4311
6039
302
730
10482
12220
2236
618
8721
11853
12889
10734
5273
9038
3698
403
3793
8516
1619
1019
10473
7058
2462
5236
1739
189
9261
3188
2561
8208
7886
2883
12554
6377
1699
2691
9116
7188
6923
12273
11308
2871
3752
9092
4281
10161
976
1636
4325
5425
3211
8542
12752
5501
9784
3079
3963
4715
10651
1559
10869
9530
3655
2804
10784
11496
6547
8795
7723
3734
5559
3945
5151
12838
1548
11829
6815
6757
2560
1953
1757
6245
7294
8659
5540
536
8106
3419
4109
2841
12835
10965
9717
10430
8277
2861
8993
10133
555
1103
10828
2886
4303
5230
4581
12506
7814
12737
3699
2264
6318
2212
9399
10237
6652
4838
10128
868
8457
3450
10349
2167
5091
7549
4145
6746
12569
1938
5553
1047
7425
10754
1957
7603
11017
4819
7658
1825
2985
12362
6447
1316
680
4937
5207
3779
1575
5774
3894
7268
1733
9528
9196
4275
5754
8080
119
963
11910
12386
1475
1091
9636
9131
5498
2915
812
12418
6498
10074
2296
1400
6787
4304
5087
9912
2762
6309
3080
8905
2025
9972
9787
4034
8935
7867
12777
8709
3184
4825
11171
7124
2197
11568
12238
11527
1085
2975
9151
988
142
9967
4059
7375
10365
9284
3084
11499
11775
7383
6018
8102
3331
9
9133
7086
6474
2490
5879
12286
6211
12520
5237
1579
8919
6118
4304
4175
11133
7282
983
6052
4422
8644
1730
8763
12148
11459
2074
9634
269
8596
3727
3560
12963
4713
3155
12034
12768
6246
2868
9665
5886
6617
5463
10348
564
9029
11081
1311
2036
10574
3942
97
8790
4904
4430
9749
4480
10081
837
5289
6936
4245
4640
5731
6759
4170
10567
2230
1915
8491
10288
3732
10187
3833
1285
2031
8212
4013
761
5848
9159
7780
539
7995
566
9397
3926
1966
33
12466
3564
1688
12976
403
1792
8766
10999
8909
7437
1845
5987
9636
4701
3867
7872
2957
6071
10884
565
1860
2626
4851
5380
7851
10920
10924
11303
3992
10320
2021
6231
11951
2382
4430
11209
11895
11633
10469
10270
4680
9595
8807
4005
479
6289
8529
5448
6860
11873
10198
12760
12448
12561
10707
1801
11874
2032
6167
74
4640
3234
4132
563
999
8671
11955
1541
10448
867
9656
8474
7213
8614
3139
978
1384
3910
9058
12964
11693
9343
12183
2431
6121
6969
9930
24
2730
5712
5571
10876
1406
6465
4194
654
2606
3197
12987
4916
255
9872
4631
8523
3212
4182
10833
4657
10245
4589
6800
1784
7006
471
10499
4051
9747
1216
5163
3243
6598
2009
6296
6902
6139
7328
8948
8671
8279
5842
3185
8163
7621
11569
2739
12070
5577
6535
7099
10487
3743
10908
7058
8773
11493
12220
12501
12344
4174
2927
3365
10162
9832
4593
9546
7839
220
4
1340
1195
722
4048
10560
3540
6990
10961
7722
4334
11149
1042
7908
1534
9051
9650
8193
5503
3354
8387
2188
9864
8113
11476
11592
5664
11627
2071
1327
4357
5753
10908
9063
10683
4367
11950
11737
12717
3560
7242
1812
2234
8126
4990
12003
5394
250
3171
10751
546
1835
9114
2261
811
5634
1800
12572
2314
9010
5311
11199
3398
857
5264
9865
10778
1212
841
4650
2860
10342
2520
2037
10362
3448
2232
4127
4136
6920
8027
12380
6427
1788
8794
148
3063
5229
885
7509
3459
6676
1392
667
2625
7544
6515
57
591
12570
10389
5671
225
3177
6372
8652
4304
4608
8498
11075
5412
8434
5838
10877
4444
6216
5834
8327
12465
1509
490
659
3323
8119
10564
1415
6397
2036
8843
6797
11402
4908
6599
8439
2039
398
2751
9582
8638
12797
2722
1137
10320
5737
1495
9888
3869
76
5771
7497
5115
5678
1449
6973
5032
5477
533
6509
7766
4120
12641
1700
2010
9212
11734
2727
2319
12021
3828
11060
2526
4238
7270
12943
3382
8317
10119
8307
1670
9890
6652
6313
7325
8016
2289
8346
11155
210
12878
9140
7888
1096
10851
2133
10992
7911
5931
3543
2734
2274
12513
10492
894
0
6601
8692
3395
3690
10142
1135
1566
5796
11773
2073
168
4689
10065
9238
10643
2062
4617
12727
6634
12417
7708
9363
7640
4947
8588
1032
9850
7853
11084
12732
7951
728
12510
3654
12489
8700
6494
2387
2438
4900
1723
6435
9343
9874
4541
9623
11927
5817
1181
9245
8487
3399
8073
12274
8734
4842
6579
12375
5072
10569
1921
10098
3922
9192
929
9456
11616
12785
3238
10216
4991
2822
11035
1770
1583
2104
2200
5651
12442
3383
12521
9681
8685
12493
4310
10000
471
2753
61
11383
7207
2868
6925
5703
12816
3928
6260
11491
9923
9620
4178
6045
4113
5978
6143
9952
1559
3170
8522
12900
8910
1220
9653
3689
7291
1638
12034
6371
7621
10513
5431
6693
12603
11942
5605
3752
7992
8297
1519
9244
10888
7687
202
5011
10800
8648
11981
717
576
10268
2448
4623
7750
3388
11897
8516
12436
3354
4555
12756
2252
10038
11634
7172
10817
4946
12121
4937
1201
6479
6152
7571
10690
9146
717
7803
10447
4730
7884
9374
5173
10218
6983
1888
10331
11114
9324
6793
9215
10613
7135
6473
6863
7933
6099
438
7685
4221
1511
4787
11343
4525
3795
12156
9961
2680
4765
9580
12447
1956
7768
8370
7913
12374
12415
7967
11962
12146
1002
12094
10309
9868
5027
239
6445
64
9944
1346
11898
3640
7005
12548
7594
8895
39
6544
10719
1430
5728
8048
4695
453
8041
9267
2124
4996
4484
6645
3530
8533
6132
8870
1302
9577
9037
5202
3392
12899
1700
238
6113
2118
2068
11750
7679
11414
7081
2035
7080
11040
11807
10519
4614
11701
8604
4361
1295
6215
747
8776
11392
2736
10827
8797
8628
10422
9124
9501
7352
6471
7707
10727
11776
381
10662
10120
12878
4817
2656
4856
5504
3540
8201
9509
2038
11122
11387
3824
10974
5995
12774
3288
9186
4992
8030
291
10279
12775
2562
8266
10396
12283
209
1222
11421
4143
2912
5921
5733
1304
398
7044
10146
9075
9833
9189
6704
11948
6121
9783
6321
5270
12386
4710
7475
493
4120
9958
3702
9137
9269
7349
10821
7270
4292
2853
10564
11191
9399
5070
206
7957
6607
41
10933
11063
2245
11474
2017
2036
3121
10688
10157
660
883
9748
3668
4854
428
9410
7993
9964
11522
1055
11511
10916
2065
4201
11261
2051
7077
11123
1478
5606
529
10730
5354
4387
1778
7930
4900
4693
12037
12601
9442
7222
6115
3440
1116
12687
8585
3720
3298
12229
3805
8657
7548
109
4685
350
12996
9898
7094
9067
2062
9841
12599
1371
11707
11789
400
8838
8815
8532
1800
5703
2472
5623
8133
4876
6642
10184
12198
642
6646
9367
7760
11143
7632
8866
11810
2669
11934
9127
7966
3715
8832
7957
2856
12011
1991
2693
11290
12240
12314
3950
8029
6110
12646
8464
8278
4053
12739
7097
11665
1728
9552
8892
10203
10957
1477
221
1794
7455
4674
1009
12185
9885
7617
7163
1567
8196
3249
740
3133
7676
6590
7706
11440
3649
11812
8405
3258
12826
8197
3054
2305
10103
12120
7991
7278
1608
2803
7565
10101
4573
10067
477
10900
8481
12062
7553
3981
1763
5245
10963
12485
12975
10097
12180
1299
1782
8653
252
4287
10963
1199
113
5156
5359
6526
5798
2899
1690
9658
10026
2928
4711
11039
12289
8935
1993
4685
5966
10944
8298
10343
2889
1474
9780
5715
681
838
10268
5658
7410
4303
10097
4546
12559
3401
1957
8817
11049
10781
9177
12083
9826
9571
7006
11938
4888
5253
1466
9323
10830
10818
3779
5590
10326
7522
2047
10566
9753
6144
12238
2049
12468
5435
8758
10417
5739
5614
11484
5206
11134
4780
8141
4859
11563
4790
12403
8655
3087
5843
3093
11844
3913
6632
1398
9472
293
12625
11798
4948
4551
9422
6484
12902
3545
923
8942
7495
1908
991
3530
10674
5677
2989
5550
12378
4737
6501
3159
6356
320
10034
2291
8546
6521
10056
8673
937
1424
12635
5601
10603
6387
1858
4679
309
10693
11874
1438
766
3911
8701
5884
7759
327
12645
1523
10768
8710
3068
10642
3284
4755
7614
6428
7260
6795
3720
5640
1435
7581
11392
1974
6790
11358
10782
4047
7605
8549
3765
4234
10559
2127
10498
12019
3178
9948
12013
8305
3039
12266
12127
6622
10876
5500
5098
4799
1374
3363
2041
10446
10269
209
6079
2905
4375
617
10704
5312
10838
10590
12950
8123
1254
12543
8242
2451
5690
12684
4523
5488
4533
5682
9853
2951
6956
4461
11286
9920
4270
5781
9425
785
10821
9855
11404
6162
75
2535
10305
1198
51
4410
4674
1280
3918
9737
2519
1440
601
4189
1605
9187
7731
2639
9642
6166
12136
7993
11077
6198
12975
3423
9655
11050
5016
5008
4117
5254
10176
8627
7752
8774
202
326
11240
8072
11432
12824
11740
4858
8937
10306
11291
6835
11665
8030
10015
2567
4390
3931
1076
11553
9346
5433
358
7523
9833
10724
10886
9941
10385
9094
3423
5145
2244
2450
3255
11263
2386
8100
5225
9273
2315
11170
2281
627
4791
5788
11813
4607
12198
10232
11407
10873
2259
12025
6985
4049
46
7431
9114
2366
12496
7225
2206
7099
4391
8023
2541
4534
6029
4170
3734
3301
8466
3147
831
6480
6938
9822
7885
2433
10919
4128
1909
7296
11163
3133
625
3441
5588
11067
4794
6509
1093
9655
8490
7458
1865
9846
415
9304
6356
7901
10907
6379
7261
10677
6024
11115
2496
2168
6525
5202
10059
8285
1163
7007
9011
4226
1017
3330
8307
219
610
10165
4476
10851
7116
4944
9215
7076
2272
11930
3757
12245
4355
3924
9964
10877
7351
4086
10078
4787
274
373
6168
9848
6787
9276
4898
4574
7676
12115
4308
3794
3504
8289
1715
12128
8328
9332
12969
6461
12058
1440
6641
9096
5816
3242
6250
4487
6240
4553
664
12284
10700
8850
4006
9988
517
6164
9466
2318
3984
3098
7880
8124
10228
11002
8882
8869
72
6399
5126
12072
12899
9885
11544
12514
12095
9370
6371
12570
10251
11624
1766
11069
5750
7997
2140
3939
3024
2964
9351
7298
6065
6353
6996
624
8025
4274
936
3106
11878
10492
9630
4450
2111
11937
5946
7526
9393
4379
6736
4033
10825
6423
3629
4018
1084
158
6043
6767
10153
5614
4767
4711
4804
4958
2532
11126
5872
8115
133
7519
10894
7639
9141
3155
4499
5933
3611
8797
7120
9280
6983
11396
9178
11714
1035
6177
9903
354
5827
9106
10414
9110
485
11967
12039
12210
10096
10824
9473
12858
1900
9170
1595
12343
11801
2694
3268
4291
8441
8117
11269
3201
7066
8622
2585
5047
8597
6771
4226
8690
5219
10481
8942
8486
2367
3664
2320
11341
5084
10815
4950
10788
4607
11985
2961
4162
9446
9232
5639
11320
564
2194
3095
9193
896
7851
12452
777
12688
9055
10734
7416
6419
4203
9865
9196
279
176
6367
5363
1380
1171
9201
11256
11228
936
12405
10017
4496
1036
5062
8217
11928
3401
3305
348
6889
7597
7826
1303
9302
6500
4725
2507
6205
9854
5891
12051
10804
2635
4271
1147
6192
10653
8531
12928
7033
4418
912
7860
8291
5812
2754
10462
3834
895
12006
5978
452
960
6501
4421
8419
6855
12767
4911
901
1132
12244
12184
9320
637
9296
1944
5174
5463
5573
7656
6179
10818
11735
5396
10824
3490
811
10181
3959
7289
4853
3011
11982
4063
3429
12198
3027
5188
3175
6041
1448
8196
9791
2871
4340
7923
10180
8601
6013
3149
11840
4774
744
10843
7862
2289
11329
6531
6541
3072
10700
4018
4240
2210
9641
8246
10447
1979
5585
5367
3339
3165
3569
10259
11903
4693
6576
2907
7376
5322
9168
8276
4066
8289
10520
8948
5451
3706
12321
4690
11559
8777
7519
7524
2310
5016
10073
8846
1859
11175
5615
3368
10351
1186
8282
9872
7635
2030
8641
6710
5802
8938
2715
1249
1900
1549
4226
740
10306
10682
1589
631
4151
3800
10883
6388
7469
10219
5994
7741
11718
2085
11609
8104
5809
2819
5899
1029
3569
12432
10980
4130
804
9353
9625
11843
9398
7485
2886
2985
558
710
5078
5740
9754
11573
3936
10835
12978
12422
1377
7776
10134
180
3906
638
907
9642
9401
10840
3031
10895
7278
3051
7633
8610
5763
1342
9251
4560
8951
10093
2859
11787
7943
3945
9888
1258
11075
11143
12328
481
4615
3569
12722
5426
6769
7420
8013
3512
5548
9285
6072
2145
172
11270
12703
74
7423
11474
11925
10811
8097
9667
8591
10157
10153
3986
8102
5653
7468
658
313
6481
9054
6735
10848
3719
7534
11636
2718
12271
4720
5140
3637
8600
10503
134
9723
12048
10319
505
9657
9648
9215
7901
8948
7676
1124
12117
9233
5635
2847
3020
5513
10545
11316
5349
11621
5190
5102
6965
6624
3103
3447
9197
9818
8287
10842
11059
4826
3641
699
11569
10634
6642
3698
3561
5024
7463
6427
4814
5006
114
4657
11110
5701
11538
2887
11315
6037
12082
1703
661
12708
10784
2915
2777
6090
10442
8710
4449
3562
11262
12280
12635
68
7775
11266
12238
2130
10457
8269
1556
11250
922
1096
1398
2595
12315
12019
6227
4848
4996
1416
5493
3106
3506
1266
773
270
7894
8016
10918
4409
11952
2072
4405
10171
11221
6817
8179
5329
8794
1637
4540
10476
10548
3029
11119
2606
495
2183
12536
4118
5405
10417
5569
7321
4245
7584
6714
8112
371
12308
4189
4281
9262
7647
10644
11881
1758
6168
11938
715
3406
2721
10850
8209
12389
86
7159
3292
2465
6835
6023
4973
65
8680
6596
9012
6870
3129
1790
4264
3786
12382
2535
4471
8842
3065
3148
9721
11524
10713
3981
1199
8853
2322
9521
12518
7079
2898
9150
909
3428
9124
12916
2207
3381
2561
9018
11972
5924
7542
7324
11558
7343
5492
683
2418
10460
9220
2037
8713
6026
5464
4544
6717
12184
12706
10810
5158
11541
5998
5410
7260
6820
627
2188
2928
2303
11864
9844
10302
10169
12122
7712
1398
11707
5540
11839
5555
12539
3783
12381
8863
11333
12677
10691
452
8751
2638
2344
2327
1185
10954
12299
2568
7366
6966
9060
2383
2270
7386
3806
6772
7901
743
1151
12919
9784
2992
5788
12548
7512
6555
5608
2951
11786
12651
1826
11691
3347
2546
9457
6905
10579
12562
2328
3054
1655
5526
4222
5357
10165
5564
8064
2438
10605
4267
9679
1230
2418
10884
4363
2531
12581
4848
6251
9261
8943
2539
11927
8814
3529
6051
10864
5696
1469
11576
313
11940
12666
7068
7723
8926
11091
2611
6118
6077
6347
12117
3252
8284
10016
242
5718
1297
5034
10188
1395
9194
1852
9477
12731
4828
7703
12479
1012
10043
8247
8295
6682
96
5820
12845
3435
7950
9326
5083
7026
6182
7689
5891
11465
162
3114
5782
9628
2204
10623
11747
1677
12029
7915
2367
1493
507
5660
8246
9033
5063
4999
4331
5561
3397
8878
3130
3467
8961
12333
3244
1104
8973
11412
1746
11525
2906
4489
3068
12155
2384
524
6951
6528
9019
11421
9916
6634
876
8323
7976
12213
5221
6882
3934
3153
3455
2202
7528
11638
6051
8076
5346
8342
4049
3529
10169
4664
3805
8238
3234
3558
7096
1668
12413
5685
10663
9186
5479
1946
12781
1658
2066
7647
9656
8709
9494
11830
4403
6529
11853
6960
7668
3077
8734
7565
11774
2540
10202
10621
6161
5133
11894
10545
1352
9735
7328
5056
9367
12157
4546
10276
9211
12769
10553
6736
3849
1286
9808
12831
1870
6894
7680
9533
784
8380
200
1476
9464
411
3072
12309
10928
6726
12984
9224
1479
2041
6488
7099
11080
1997
8954
5970
10842
6673
3483
4298
5150
9392
1057
8615
10618
1875
4713
322
4526
770
2501
9051
7298
5890
8565
10582
8832
8290
6302
5245
8955
8961
3699
10899
5539
821
6554
4408
3010
11596
4804
12958
11446
4605
9854
12999
1112
8438
4510
3712
7192
12763
7669
7909
2521
9272
4413
7989
453
3976
3473
9673
10475
2252
7567
9119
10668
7114
2216
2845
2976
9496
590
7626
6900
775
4470
3062
2272
4364
1565
12631
10260
3775
12518
10216
12425
3423
4989
3359
6965
2851
7494
3227
11986
8756
646
7681
9331
3324
3272
12186
6791
8539
7990
1880
2739
6034
10335
2178
2515
10605
9575
11586
9500
7461
6920
2652
12666
8982
11044
5570
917
11798
896
12969
9108
2899
1411
9570
6966
1105
2164
3726
558
10665
8693
9933
1016
3538
9486
1295
3469
6422
8885
10064
5954
8642
4372
6761
9393
10289
8842
7533
1728
84
7420
4184
8473
5033
5128
1239
3826
5541
12234
8820
12835
10149
850
5263
5038
9825
12825
1006
5794
3715
638
5026
9042
9937
4601
10787
5970
6097
4326
9964
1789
6702
3011
12865
11704
2948
1477
10428
7149
6931
4507
9737
12199
5125
8058
1561
11412
3435
9124
12034
9226
1845
2334
5110
6653
550
10909
12254
6672
8457
8602
4348
8659
6454
11896
8024
10864
10545
2882
11779
8755
10432
2293
6835
7870
335
8513
5478
1824
7292
4932
6276
3930
5893
5802
8296
5817
12240
5708
5774
6703
12747
12776
8106
3155
5223
11668
3096
4562
8131
9792
2267
3953
9600
10061
134
6806
10666
9096
7992
10607
5349
11100
6540
6865
6777
12128
3567
11283
2626
8635
6673
9143
6004
5055
5236
3481
5713
405
1022
6722
8981
12313
12876
10027
12276
615
10389
5976
6495
1912
1223
9614
11559
4947
10579
12684
924
5444
12588
2117
759
12102
4835
10554
1989
10272
345
11116
8328
3999
2071
5920
5701
12083
7828
3235
11342
248
1384
6755
4189
8694
9617
8789
12538
12364
12209
4952
2350
10306
1302
1850
4013
10586
9828
0
11832
10491
199
4636
1909
3606
5034
5208
4651
5817
7042
12209
6572
11530
2171
8291
4346
4592
559
3294
83
8739
10262
6760
2583
7207
1172
9543
1774
1612
11557
12942
9004
10775
6015
3105
7849
6343
461
6438
8744
4020
10596
7555
4264
7347
8309
4483
1012
6077
1883
55
1064
4928
4753
2759
12220
6531
7547
3550
5139
4348
9938
841
3755
1869
4028
2362
8962
10954
3611
7002
12560
11663
12203
2703
9653
5293
11177
1200
7408
5874
8969
8821
11950
8884
1635
12676
9473
11399
1496
3696
11159
1475
2919
8113
35
10226
10505
11750
11480
12987
6078
12512
1592
12451
7763
11687
12079
5253
12892
874
7387
1472
1780
10855
7992
10062
12083
1196
10810
10702
1205
10843
1986
11794
4399
3160
6064
6095
3345
8171
11458
11290
3977
11796
8434
12010
4368
4960
6594
10621
10777
1850
10903
8141
2983
7371
145
233
5387
1446
8822
6543
10920
160
8109
2127
4528
5538
7345
8167
961
3789
8023
7590
12993
3131
4259
11183
8173
9046
5293
2295
1843
9193
37
2588
8771
8945
4745
5260
3418
9054
1999
472
2940
12493
9638
8660
8488
2582
8210
618
3851
2373
7010
746
640
3469
9665
9803
6173
9815
7002
782
5765
11187
12758
6164
2251
3289
6008
2605
8041
6281
673
5726
12222
12980
2713
12017
3507
2989
342
372
6691
1337
7956
12020
11019
6890
3813
5546
8735
5492
11799
1838
9013
218
10744
9963
4456
12752
5842
9281
7556
1615
1714
1394
2685
5125
6165
12604
11199
3511
11535
4115
12319
5566
1711
10794
6082
2440
2999
3861
2465
9993
4949
9356
6644
1923
1402
3467
6915
3949
1812
8961
2797
11386
7085
6537
10585
8752
4286
1553
11536
6344
6755
9804
8210
6576
12157
9190
11390
663
12827
10338
10641
6634
8500
10052
1087
11910
7924
9611
7069
3865
10814
9002
9026
10739
3889
10486
1471
8010
10329
6409
10951
11683
7404
10074
3788
2623
2113
3434
9367
3542
5379
5451
2335
12682
8212
5024
7023
11599
6597
11446
3506
11259
12024
794
2663
6386
12148
7128
5305
7335
2337
7814
5116
7222
12157
9364
3961
1946
2841
3008
4877
10626
10480
3682
1728
4932
8135
5288
7003
3461
8556
12233
3575
4804
11775
8393
12651
10043
11287
11321
8659
3743
6792
10038
9406
8368
1489
1731
2852
12913
10197
9554
283
1130
12203
4040
12504
10456
7158
411
2973
3640
1318
8009
2103
12788
11791
3676
1553
676
5659
7433
579
601
668
5546
290
12250
6045
12565
4474
3739
5193
2860
11151
10450
5568
11749
12869
5849
9847
6177
5463
11054
7233
11947
11374
1427
10499
5711
7489
11684
5819
6117
11302
4094
7097
2905
12789
1701
8219
7776
8790
12380
8096
7976
7284
2476
493
4077
6324
3190
11921
6042
358
9286
8806
8690
1990
2432
4284
3083
3399
4497
11507
4878
5114
11524
3265
38
3545
1584
11856
5597
10485
9700
3950
12233
6059
6703
10517
5900
3179
6809
8839
352
4678
8393
4629
11536
2326
7328
6971
6861
8660
6351
1953
2063
6255
4413
2017
4541
11826
12318
6773
7708
9463
6341
6679
11216
1912
6747
5060
9419
12824
7556
12500
332
4390
10691
3911
5040
8073
7686
9045
803
2063
10726
7677
6681
46
10593
11923
11400
9849
12881
10464
11606
6446
6358
5909
12440
12621
8833
11137
11124
10892
6381
1528
5753
6764
4923
3743
3062
11562
10014
8096
4735
5906
6985
9608
12179
5100
6313
8499
10298
1667
4713
2143
10226
4149
1025
11183
7437
4212
12253
4432
9424
11028
7133
1641
12991
10724
10745
5605
11738
9485
904
212
11171
284
11187
7741
6612
5801
6233
11174
8939
5725
2137
6916
1318
12619
1020
12289
3937
6414
9972
2539
11841
3100
2440
9954
1453
1994
5767
9288
6560
2609
11429
12209
8038
5687
2790
6408
3597
9068
9085
2536
370
3424
3087
5630
11683
4651
10226
3802
4992
6482
2564
2777
925
1764
5394
10513
10068
1088
12107
5170
1691
1116
9640
11137
1201
3055
5701
9273
9140
11773
9671
6571
2577
3505
3049
3370
8731
3343
2879
2014
8725
8784
8675
6816
12643
3410
2661
12563
12648
10531
11924
8132
7486
5691
703
7357
5730
9908
6614
1529
4435
11726
11950
4315
11371
8013
1014
5147
4191
10045
9078
10270
574
10126
12421
3050
769
3951
9113
6688
6426
3478
8127
5412
5067
6110
9815
6161
3500
1311
9361
4622
2548
4372
9420
731
2126
10126
138
463
1006
7754
8575
496
1817
4359
7890
5209
276
6345
11977
3348
4975
9991
1012
1616
8695
295
4196
11249
10934
7384
789
5294
1275
3953
2559
2537
3590
10512
9216
5152
11983
4390
3684
4469
10867
3480
4411
2186
8715
6729
9837
10052
6292
2596
1411
6081
11459
6987
11332
10100
818
9750
12677
6703
589
2095
1591
4933
263
2542
12474
265
7870
4666
5505
4657
7407
6977
8052
6933
61
6692
1310
3565
6186
3342
5880
11604
11328
1609
1589
241
3122
10
12408
7096
11069
5221
4321
4665
6049
10648
12225
411
11759
5383
10237
5204
3385
4884
2272
2437
901
2062
11224
12968
4643
12689
7982
11126
3804
5849
2060
8255
789
2296
1960
11183
12160
10626
12479
997
5684
10111
12362
1256
12321
9091
9446
6859
2706
1324
374
5704
2458
8154
12149
929
10202
8553
9772
9554
2770
5884
7733
6811
632
1048
10178
7365
12719
3272
9875
6987
5507
8608
11977
7825
8923
8511
8801
9377
8575
704
6626
740
8849
6959
7833
10346
12926
9224
2705
10241
9246
1965
8831
2979
9761
4052
3903
2155
11924
9334
2685
1770
1854
1232
249
10258
10841
3041
7250
6566
1154
12952
459
3613
4692
5937
3225
5012
4280
9297
12274
7020
9370
2276
8818
4299
11147
559
4631
6858
7597
3294
2509
5405
11504
9191
8387
1537
7190
10653
9533
3119
3038
3957
5612
11651
3163
8903
4015
10409
7287
5745
2457
8385
10074
1805
12399
9165
10601
3748
7158
711
9931
1354
1647
1366
2694
5709
7057
11658
12396
6140
9811
10863
6238
691
10443
2050
12653
2075
4180
6614
12996
12214
2875
11224
6598
3119
7856
6667
6328
4691
9107
8160
7116
12926
2244
6280
6102
6721
4263
7199
12313
10799
12822
1243
8593
4545
6996
6223
154
5809
2909
11642
10947
6436
9018
811
5985
5906
6130
4422
10887
8102
946
5156
1368
12708
7633
4078
11515
11555
2277
9746
9065
2654
10917
1976
10210
10773
12804
9960
5827
3552
4165
3597
9925
329
11432
11515
7840
5620
3551
7327
6213
458
4953
552
3614
9493
3922
12233
3282
1600
4881
317
11772
1841
12105
2812
7236
8323
7478
11038
5277
9310
11500
11432
2316
5640
3454
1994
1690
7036
3133
10232
11986
5411
11404
1368
8968
728
7966
4358
9758
11385
3878
2364
4527
7623
1340
6373
9140
7745
6893
4112
207
4798
7044
11397
7819
883
11122
10594
10274
2964
3200
12475
6437
2506
10903
9034
478
350
12342
11990
11947
7389
4851
3905
12136
10412
6743
2459
781
7901
9466
10537
4069
10317
4020
11906
10890
7602
4263
10514
9607
3558
11386
10567
3743
3531
3774
12804
9139
1296
7247
7362
6421
9703
12993
11573
12166
3742
11565
5227
12043
2788
5712
141
7323
2967
3002
3085
12098
7067
12466
2011
2093
3832
12789
117
2185
6753
9101
2421
1741
10111
8294
11826
6643
8837
8495
9008
227
3694
3380
829
1668
10597
1505
2243
12216
8806
8903
4586
7726
7758
8465
10270
7293
3024
4533
10849
12984
12429
10329
1950
2564
4084
1460
8039
9531
12827
2530
11551
3551
11727
10704
10084
9602
12778
7519
9058
3706
10314
3831
3648
1229
3942
3506
1258
3080
3676
1067
9163
8147
5422
7086
666
10243
5994
6100
8640
7001
139
6936
12573
3257
2092
10523
3423
5489
9503
486
11058
2434
9149
4560
10702
2419
2995
4908
7750
11505
7598
1027
2231
7539
486
7704
4825
10270
10738
1568
12795
10445
10456
10121
3672
9824
11891
11100
849
6286
11447
7349
7699
10236
10679
10871
57
9536
5781
10210
12388
1247
7163
7625
12918
2075
97
1306
7970
7170
7452
9925
10542
6949
10256
6786
4456
7814
4355
8845
8690
10521
952
3371
4326
3852
3030
2900
149
6910
10037
9053
3357
12226
10559
3029
11670
9864
6235
3859
9652
12846
6830
7169
12819
12253
8453
472
2781
6336
12716
12387
616
3337
8795
552
8
11646
531
10183
5307
6097
3202
10740
9676
1704
8141
8726
8224
7359
811
3525
11302
2998
2036
8168
11970
332
2468
12215
5722
4152
199
2663
2827
8246
7547
6729
8698
5099
4616
9436
4831
2103
4987
6245
2902
8208
12452
6363
11082
7077
5871
8467
3792
9156
8218
6369
3118
10777
8600
1378
4745
12373
3436
3024
8263
12014
10974
3649
6990
1119
4879
8104
11478
12916
664
9303
1507
8294
7020
9652
3722
10402
7468
4139
10279
12510
922
12371
9441
10966
7109
3577
5573
10083
8424
9334
7195
5710
1826
11175
1452
11301
12775
7088
3058
2695
2726
9479
7517
9408
11433
5347
3144
4428
119
5485
8032
151
4822
6317
5749
3212
3771
12072
5588
10311
2147
12169
1230
6633
2169
2619
11928
6768
10930
1896
10471
11663
1714
12755
8477
8348
861
5957
9066
6229
8395
791
6164
12348
5912
8752
10589
11030
8692
1410
1576
11047
8427
1093
6863
8555
6281
11524
3797
3033
7580
6282
6767
6378
1992
1977
8840
5447
4283
1102
2751
1367
4092
1671
5963
4922
3810
1926
8181
5398
6028
2923
10411
9751
2164
8948
1723
7800
9968
9451
2200
8516
8844
1425
9857
8764
7723
10799
143
3495
1696
1411
12775
6318
10276
11295
10064
8812
9085
660
9038
10245
12844
6352
8621
5348
4116
10571
10599
9945
4519
372
961
8596
12440
10138
8218
12519
12011
871
10618
8799
11503
8983
8092
11160
2695
2085
11032
10285
11454
4253
5940
4114
11203
3720
3215
8898
12313
10608
10604
9622
201
8262
10726
12176
11250
8382
2315
1486
2676
4632
5946
97
12754
6683
12288
4346
11247
2907
9730
3263
2473
814
3464
12085
11162
7696
2032
10977
3003
1262
5923
9543
12788
10429
5379
12378
11453
3633
11510
4867
10162
2549
2520
1335
9139
623
6168
6547
6371
6421
3909
5658
7974
5599
9886
2947
9445
1743
10920
1094
1082
5967
6871
11498
514
2153
12895
8188
11084
10476
11661
12652
2740
5704
1651
8731
4509
1264
10693
7805
5342
2219
12986
935
11544
9517
7360
9705
8664
12631
9381
801
3772
1899
7844
5916
7731
10549
12349
5801
2000
5587
12253
12463
11120
9597
10323
11335
1817
5900
11241
3020
3608
12827
11360
9424
2697
10592
4199
4172
7388
12523
8697
8105
6713
4633
6326
5474
10978
6195
4212
110
8952
2744
9103
3294
7459
6668
3423
12626
8084
9562
1783
1255
2226
10862
10036
4160
12349
4025
984
9735
12028
6273
1964
2808
5412
4529
2848
10362
2915
8151
10084
9196
1138
1124
3061
5219
8462
1526
8904
12014
11969
8759
11916
4106
4119
10692
9240
7516
335
8102
200
1586
7909
8077
2299
5592
1295
1709
800
3065
7589
3105
4969
4414
9854
8420
8776
9832
3848
4927
8658
10846
2498
8591
3415
2745
4565
9991
6096
10162
7449
8024
9205
6615
9235
9606
11349
248
2808
10672
10805
4822
1209
9125
1916
2986
7499
875
8256
7145
1774
394
7586
1865
6619
5656
2397
11963
7516
9781
8958
229
12126
577
1173
2359
7673
12391
12365
5204
11729
11857
4742
5356
11213
5008
10684
1730
6846
3523
12386
5576
6589
3880
3990
12075
2873
8798
6525
9455
2385
6906
1686
4405
7391
8771
3521
5066
12125
6817
1866
4253
388
5784
1338
621
6575
11583
4396
5325
4156
9636
8640
6149
5006
8084
1515
11255
7792
7622
11227
7321
5270
11741
10048
9190
7311
5926
9133
2250
1548
3696
519
7773
12955
7289
8945
5420
7143
2703
2401
8415
173
8053
12025
2741
12600
3135
10385
6178
1137
6928
10534
2698
6623
7891
8901
4950
8468
8362
5691
4764
8385
1799
504
2911
2973
3839
4855
4327
12446
4060
10352
11768
3429
12436
1040
10554
1568
8798
11787
10210
11811
460
4428
11115
6998
10675
10679
5461
9665
7188
6147
8016
2941
2978
3334
3445
7350
397
11731
5933
504
26
11353
4674
3978
11678
814
2282
8947
4496
1311
8068
5934
12719
1573
12616
6871
7690
9062
4846
2102
5609
819
11904
8076
9023
12092
1214
4957
8885
2419
3745
6060
10487
11873
692
1807
3689
6952
9786
3470
4597
7806
3379
6117
12280
9141
1081
4379
6690
10195
9191
3358
9222
1959
1036
11090
6434
9687
10177
1661
74
8258
5471
4565
9675
3227
1142
5396
10475
2375
222
7620
2642
1826
565
1742
10276
9561
2051
10756
12382
10516
1702
5618
3635
12812
11582
9694
8057
10614
2882
9099
522
9968
9236
11077
4124
1995
11381
550
2269
8805
12647
10264
4470
7264
4320
9021
8591
2260
11700
10730
6642
173
7835
11123
10153
5161
10632
3932
10764
1873
4814
5291
10090
5405
2100
1132
8242
2943
12990
4130
3953
8484
10422
4503
136
5586
8513
5937
1788
5149
3332
3391
3080
7027
6358
7121
3935
3533
3059
9657
8333
6244
4792
9053
8943
8583
7581
8859
3967
10695
2864
8743
12611
1383
5108
11190
6660
9000
9166
8079
4494
7143
5224
1604
10486
10055
7878
6326
2124
6861
8230
2610
9294
7968
9256
10799
6390
9251
10776
7591
5258
7275
6471
10421
8733
4672
7548
2838
7073
11142
6614
7614
1
1385
9790
5762
10162
6001
8773
106
2946
3654
6134
6582
2622
4303
703
3135
11895
5044
12420
6086
9033
10333
2757
12493
5991
12400
8997
7494
7007
11125
1139
10815
7561
10062
3947
9481
7985
8908
6094
732
6965
8833
8661
3586
7258
478
8680
3243
11555
7140
6069
11828
9193
9311
8187
6507
9910
7149
135
10782
12632
1267
2141
6509
11036
4646
1678
10142
5023
12835
4401
4405
340
2600
2250
2805
5856
6490
10756
8127
4183
3961
7466
4463
2819
4355
7015
10087
6143
10408
7741
8822
6544
11831
2143
3475
2502
5337
9156
11099
1369
2520
9321
12252
2653
2074
4387
1551
5564
5485
1760
933
4467
4911
2676
9869
6533
9543
12013
1238
4188
10202
7996
8690
12099
9743
12462
3535
5722
4253
12614
3745
1751
10242
12004
7604
11192
902
3527
1495
5250
12997
10324
8027
3250
7915
1626
3219
2978
6174
5705
5273
9604
2506
7834
10459
8505
6286
4732
2304
299
949
1459
765
387
3022
1948
1365
2622
8243
12328
3979
3018
5765
5290
9789
11438
12997
5727
7349
3018
3814
12280
8569
1092
5270
58
8414
1987
2484
4653
5327
9536
7226
10439
10337
1735
5965
1381
9336
862
3940
8700
5270
1615
3572
10579
11543
10890
7364
10113
214
5647
650
629
3235
7117
8675
8025
3089
10041
9390
246
1939
9567
7570
6262
5521
3173
3624
537
6659
1840
5973
1842
11723
10874
5916
8737
7659
8563
4611
10189
10568
12347
12901
1291
1483
9528
12541
4768
3168
12571
5438
3622
1520
1278
5684
8973
980
2462
297
8768
9291
12852
7688
9624
12108
11191
7104
9050
2685
11754
2729
12230
10034
3659
4151
6344
790
11627
12034
2126
11128
9220
6194
4309
7318
11949
9178
4495
9048
7069
3910
3207
5527
8153
5378
6465
8397
8590
3027
10927
995
3200
5728
12078
4542
6663
449
9892
1772
12648
11989
458
5168
7971
6576
3333
12570
12535
5943
12841
12015
6005
10656
7163
10454
5768
3924
3281
11693
727
1442
9903
5177
9772
10057
6311
10064
10201
64
7646
4673
3460
8962
5022
9860
11864
9452
4842
3063
8997
4307
12126
2066
9760
510
8864
9819
8394
2504
6038
1325
2585
5801
5264
10572
2362
1537
12160
11910
5451
7386
11365
4060
11036
2272
5376
4124
7081
11456
9712
6652
444
6042
2876
10048
1385
5065
5517
7702
812
4480
3218
11784
10866
7789
11623
8790
11869
4998
1937
5218
4767
10923
6330
6830
11838
5112
9817
12292
8456
7119
8618
3324
2070
12721
681
1395
4990
7846
3551
388
6320
9489
7717
11313
1491
11649
11476
3678
6718
1862
4716
1696
1345
8705
9809
10673
7107
6731
5626
12351
9085
2927
10933
10439
7272
3053
10111
6625
6939
10379
7382
2039
9777
5874
7119
1284
7296
8158
8749
10509
12642
9953
5332
198
8608
12330
4467
1987
2660
6430
11395
1347
5308
10986
10116
6930
5742
6057
6730
4006
5953
1183
12655
11141
3862
7190
12707
8994
12564
2795
5477
6228
12306
6582
7494
12696
11657
12541
3845
578
6305
7745
8693
11049
1992
11186
11403
138
3908
7301
7070
12104
96
1356
4813
12820
5868
7394
2914
12783
1309
6078
1128
6334
8262
2506
11170
9808
12987
1035
2218
11011
565
6929
1687
9677
5218
3513
8928
12091
9732
3329
102
6121
5519
2189
5454
10216
11218
12341
4042
10406
4846
1577
11703
6252
8267
5206
12839
3590
12260
1847
3389
286
1155
9933
11279
9287
3514
3939
9646
1019
5154
2630
7138
8761
6302
6389
2289
8141
12680
8995
11650
11024
4068
10674
1100
4875
7606
8263
1252
287
12570
12734
12337
10214
12264
4516
4097
6714
3746
4637
2728
6656
1698
6820
7922
7848
2252
6639
2274
3110
1328
8458
12362
7136
5856
1583
11221
9367
5786
7791
1637
6146
7999
4457
19
8436
3660
1847
1018
9516
11138
7863
5434
11216
4795
2252
9731
5248
1024
8577
4995
2368
11027
9081
9194
1295
6801
567
3464
9785
11859
3537
10172
3237
12807
4711
8321
5264
5878
10951
3982
12207
10147
12697
8281
7100
2476
9144
1587
10120
6089
8841
4697
11282
2551
2639
12711
9473
12691
12177
4105
12876
9977
5847
11080
8554
2601
3941
8826
11673
10337
1059
5264
10458
3393
8622
9047
12766
11981
3851
3602
3336
9042
822
4662
8549
712
9202
6103
9908
9121
9964
2382
10908
7623
3368
9643
3657
1579
11889
927
10035
9955
9856
7897
4481
10356
1278
9524
9153
12164
11270
740
1494
10298
752
1018
5396
3067
11162
10921
12727
585
11959
3562
11772
1410
10428
2088
2575
3774
1043
4211
2101
8857
1878
3430
12959
10169
3791
5191
16
2416
1181
1785
6524
11694
198
9192
6652
9552
11904
4675
2460
3509
9012
663
2972
7158
8109
10048
4861
4016
1598
1546
9689
3184
7899
12647
10508
11363
8069
8940
12314
5641
12996
6470
2012
2113
11344
12195
9876
12175
6715
11527
1728
8105
11767
836
10049
7170
10430
1147
12375
8184
10696
10112
444
4273
11578
9999
1512
10620
12677
8159
6009
9113
4607
1301
1196
11611
12664
10764
147
9469
10092
2992
11542
8688
11919
9087
1092
5298
11824
3465
1172
10418
11037
9895
10773
4517
1664
11084
5806
247
6459
11278
2838
9049
2326
2422
7599
5629
3795
5311
8299
10624
4925
6580
11786
1889
12954
10870
7767
2113
10198
7080
1767
12786
5222
7821
9552
5337
7471
2918
9185
8928
12993
855
8997
558
2563
8432
4748
10760
11886
6036
10266
7540
6471
5234
1727
3044
3203
8890
2999
4455
8291
5474
5128
3510
4096
3489
4496
333
9656
12780
6591
7409
3875
12269
10259
7850
9512
3321
965
7698
2975
8046
2571
1063
5911
6421
9745
3463
5495
5582
2394
4865
4682
1018
4456
1195
6786
1971
12150
2490
1921
838
7542
9347
11858
3996
10938
6384
362
4328
6647
11923
6285
9426
9197
4716
6903
9805
410
9422
10361
2532
11957
4044
6678
11223
3951
1987
5446
137
1259
7399
1662
3571
12683
10586
10127
4698
304
4118
7107
11285
1795
6199
615
9795
8001
2019
6601
3936
11336
2058
3058
12139
3476
7654
6507
7042
12837
1015
9439
6386
8837
6038
5617
3774
6402
2199
619
10413
6006
9927
6756
12869
4791
9449
10709
203
4939
6643
11079
1403
3861
4879
12913
2479
4305
6333
8985
3088
3480
5400
4768
2579
9968
4275
4201
11349
1662
4457
2837
5921
345
2774
11347
9946
668
9071
2463
4887
6290
4042
1806
4905
8962
4984
28
357
2123
6930
2399
11567
4653
8830
3092
11399
12226
12295
679
5564
9186
6907
4690
9091
859
12862
3564
843
385
11112
185
1602
12074
3756
3968
12886
10170
12232
6103
274
5067
28
5062
10352
8921
7586
5100
6770
5234
9579
3688
7159
3371
12432
4086
2889
4679
7067
10578
3305
4515
4350
8532
12411
9363
9248
11342
584
1394
2630
8215
12617
2205
2052
11511
660
5778
11170
10836
4520
11240
6760
11389
6073
8063
580
8021
11161
6511
9663
5485
12662
10589
2163
11013
2757
7966
1456
5565
8804
10389
7415
12637
3966
4752
10398
4252
12853
12769
341
4398
2356
10338
11940
10512
2985
6456
12291
1049
3846
1328
7107
3606
4931
922
534
3998
588
6623
33
8805
9480
3626
7455
3330
10315
9578
1411
4141
6794
1665
8640
11595
11125
5143
3360
11128
8778
4719
1342
10961
7531
1979
7299
5168
1046
9613
6
9186
5756
150
12066
10645
7366
2693
5704
12483
12343
159
8965
11679
11613
12696
8517
218
2989
11195
12674
3736
5211
3420
5025
3479
12787
3661
4924
2817
2856
10075
2593
220
12672
10597
6619
4328
5665
7782
118
6816
8919
11276
11046
8142
5734
5907
13
7818
9957
10610
4936
11368
7579
1484
5557
5402
4286
5113
885
11460
5704
762
12187
10431
8757
1506
1294
5679
3065
1455
9483
6694
7190
5244
8715
6392
4602
2153
9985
11360
5957
4469
4587
5235
3261
9963
2203
7129
8032
10665
3977
6656
8442
5759
8772
10604
6274
2794
8174
262
10284
3861
881
6078
10630
8167
3992
7871
7435
6872
7137
2268
11479
6636
3474
9679
8860
1213
5474
7190
5306
3639
7691
12061
9307
1906
4849
7265
5402
5597
4305
6326
8755
6557
11376
1417
6804
2150
4167
4211
11242
7370
4922
11551
8907
9677
11715
9332
10912
4089
12150
12673
1775
6002
10841
3148
7887
2235
1781
10884
4647
6943
1156
12498
5697
5648
2275
10420
9952
2758
1312
10249
5286
8719
11295
7524
995
12114
5882
12823
7319
8509
7307
10885
6411
12879
7463
7689
642
746
6084
5276
9017
9077
5492
4247
10360
8672
547
1576
725
11503
12615
12543
11381
860
3722
9032
1543
5756
7932
5261
3847
10020
9206
11459
7246
10886
808
120
8563
4650
11354
6926
2184
9606
11906
1573
3628
8968
4599
12792
11606
10954
8582
6397
10689
1167
2178
0
8792
1372
12791
3565
254
1160
3826
6947
9567
5230
6582
5719
1303
2200
7135
1201
1640
5060
4780
10416
11522
4992
251
12676
6889
6692
3107
4306
12375
7091
6032
5844
11391
7196
6546
12403
993
2823
12249
7499
2440
7473
9493
2586
12305
5016
11559
2077
9589
10698
8377
7998
4028
10970
3581
9110
12886
1611
3682
7363
4041
8293
6502
10072
1933
8153
7968
10846
3938
5918
8513
6705
6086
2150
2690
3547
1690
1179
12332
8992
10229
4451
12418
665
121
2254
3356
6587
2008
8773
11710
3599
810
6134
473
4658
11235
12764
9906
316
393
2343
8208
1772
985
11686
5331
4519
11648
8729
3612
7089
1581
3879
3700
3975
11177
10240
3430
6504
11135
8428
6840
9489
12388
1691
6823
2805
5183
6631
6867
2585
7276
6328
8556
7119
10911
9320
2842
7425
6296
2850
4148
9216
2873
9626
4448
8977
2207
9681
2041
9554
4910
5220
6033
4106
2472
12511
7733
923
4775
9379
8205
12043
2320
12307
10562
6720
9214
6295
4545
2563
1162
6274
8751
4141
9545
8439
6492
8898
3126
7275
4308
11801
3373
2249
12336
8135
9817
9144
8030
11556
1857
5828
9420
10363
10964
12870
6673
11451
10131
1270
3204
1091
9246
9646
5587
10429
3907
5
8137
2390
1482
5754
11539
9476
2691
10824
10416
10992
7189
8436
8459
8724
455
9158
9674
7776
10987
9483
11760
2774
11149
6762
12352
9681
12557
6566
2348
4432
14
7060
10277
12548
782
2125
4880
6982
2433
5712
9947
3788
12388
8946
7721
1650
397
8872
3411
7116
6702
7291
789
9849
2488
4205
11471
2814
7989
7115
5850
1191
4593
7935
5209
1534
7198
2244
1680
2467
9291
9983
7578
647
6895
1487
8908
11685
10690
1869
2616
1418
3650
1701
5569
8624
8681
10383
9607
8483
613
3630
9820
12956
5365
8705
197
5115
7921
12869
7557
714
8075
3536
11793
12430
9196
9291
10810
135
9147
11689
12608
10997
2594
10509
8690
7881
255
456
4647
4085
3509
6002
11766
7055
10443
10169
11881
9323
9283
3122
6723
10726
2465
466
10602
7102
9142
4246
12252
12814
5732
4993
8722
1335
813
8119
9946
10426
7324
10618
3254
840
8488
3196
10027
3780
12571
189
9125
9582
6118
3801
12095
7138
11835
8883
8844
728
3782
7331
5733
4040
11041
2187
9105
5731
9775
2495
1135
726
195
6004
8223
7979
4476
1888
488
1012
7938
2186
9160
5702
2273
2000
3610
7971
1414
5615
4459
11664
6771
3109
11429
9087
9763
12036
7791
12812
6445
9969
11120
650
8198
10277
8103
9997
3565
7615
10877
9738
10271
8189
7529
12040
2955
11594
10301
12598
2291
4431
10663
121
11873
1621
9103
7105
9153
6734
8962
4179
6105
8819
3085
6965
7552
1504
3301
6315
3574
10649
814
5177
9656
4081
7501
9097
7262
7587
5431
4343
458
4814
5437
5783
4446
10824
6666
9654
3969
5944
11247
3743
9446
7777
7580
3700
1687
1309
237
2564
4242
1290
2322
464
127
6952
6008
1524
6922
11458
9411
4429
3980
10383
1386
1350
415
7277
7541
12699
12534
5072
5441
4168
2383
5857
6135
11776
5667
2631
7516
4490
11353
5188
7789
6664
7796
3091
6574
1150
1151
8941
12956
6196
11908
8712
3796
3238
6581
10839
6030
7991
3741
288
6628
7505
11189
12187
5846
8253
2603
2278
10085
3702
2551
707
869
35
3104
10249
10051
2682
10504
12459
5419
9127
12428
11719
6667
4553
8532
10986
11601
11001
8960
2712
3061
2878
6472
858
12950
8350
5092
6603
9693
7321
10051
3885
2603
4066
6482
10346
12954
10375
2813
2513
11531
10306
10053
6753
8969
10575
2528
1525
4613
6999
12220
7131
3933
11649
6870
12811
551
10403
1371
11901
1159
1475
6620
3275
9278
10207
1108
5145
6321
11604
5213
4637
9427
11389
3038
3060
6555
11340
644
9262
5258
5535
6274
5438
11066
6857
485
2379
3009
795
4808
1265
1801
7512
1616
7443
10275
3300
9083
728
3116
12783
359
799
11771
6660
8800
4626
8319
12863
3383
2563
2996
901
7064
4623
5473
11663
8946
8879
7717
851
729
12554
6739
7053
12440
92
7559
3211
9468
6836
739
10868
693
10744
9882
11428
10226
11478
11262
7289
10497
5782
10265
7521
6018
598
2804
909
10275
8399
2439
9507
5693
6845
6487
2617
516
7747
11409
12027
1905
2149
10
7261
10095
5838
10986
3549
10097
2181
12274
4473
11366
8530
9489
11484
8321
9337
11588
11080
12425
7898
2301
2272
5007
1685
1536
11291
3638
4605
2263
7042
1789
5423
1264
11824
2255
10355
7156
3403
2572
1175
4585
11731
1550
7391
1162
7264
4208
4720
12363
370
6419
10568
6159
5001
512
3726
8531
9822
6728
3226
12931
4774
12610
8380
6340
11398
10828
2510
8893
10203
5
11383
9491
4914
1011
12462
9808
10808
704
11878
9357
9011
2081
7983
6029
997
8797
536
2031
7958
2721
5180
3579
2779
102
11790
7963
12657
466
9057
6102
6066
2541
8761
2767
2031
7624
5289
8065
2387
3772
9983
4632
7444
10883
8310
8297
407
12282
1201
10085
8125
12593
5361
9323
8677
2544
4506
11743
7914
543
4444
12898
9158
9284
3285
2785
3388
12801
1216
1184
5052
3203
1222
3308
10795
885
9784
4781
4405
1984
1284
6927
12282
11338
11887
7057
1943
3967
12996
450
10698
7723
7091
7059
3288
10109
7411
11496
5695
2903
2293
8524
1751
11045
11149
9619
1627
9758
4673
10750
2674
4411
8776
222
5427
6050
63
11500
52
4403
3670
11484
9894
1733
8840
5153
9539
12300
12864
3863
649
4711
11993
9904
6034
3536
10850
2520
8275
3437
9503
1185
3542
1115
4848
1345
9167
10147
7392
6108
9019
12739
5260
4465
6882
6123
3230
12084
2023
495
4770
4730
588
4284
114
43
10805
12211
12690
4931
1246
1732
8255
7592
2804
6123
12862
12783
10489
9951
8238
6169
8963
11159
11255
12025
3935
8308
4478
1986
6921
8168
7643
9304
9821
1513
1354
11328
2796
1864
9958
1552
8112
11699
10814
9759
2585
12777
8806
6709
3742
12059
6120
3131
2218
8208
9124
7463
10717
12967
5686
307
3615
1704
6133
4084
9568
364
12566
6656
11653
7762
6358
8079
7567
11043
11227
9346
10613
7210
6479
6389
11612
751
4772
7639
5284
10492
11121
8603
3298
3950
6872
896
1477
11768
12179
11013
2436
8212
4071
1854
2129
3688
7278
10857
8056
10726
10781
11624
1194
1336
5264
3086
1471
12214
2994
6181
5564
9621
4600
7179
1094
6356
5386
1328
6720
3597
4263
7696
2279
4035
4618
902
1179
6960
166
1472
9061
11582
2855
4434
6174
11269
8301
3138
2881
7675
4898
3151
6338
1328
3785
5955
1349
11899
4326
5565
1747
1751
3091
9429
370
6482
6043
2570
7518
12961
1845
5395
6511
5957
1378
5824
9926
5131
8472
9401
12820
6050
11355
4202
9022
4166
10837
6610
5569
9743
9801
1626
9364
3226
11861
9992
10340
12505
6254
10429
8841
3942
6820
4325
3607
4362
765
6813
2598
9958
6264
8963
9343
9167
8063
8142
8782
7445
10983
7676
8185
8155
8566
3720
3388
801
12029
12314
6230
10476
1299
6471
8190
5925
9254
5561
5104
11125
1432
1483
2626
1964
8079
2540
10453
7296
4274
11085
9030
2384
6666
9332
4814
5933
3070
2681
6400
3198
1221
5651
1488
5709
1822
2932
7612
8640
12439
7429
3778
4619
7550
6266
12924
4631
8014
8404
11021
3483
3855
12461
2229
3992
7226
8681
4749
9279
11953
2221
4407
2481
3581
7138
9793
10148
4062
9952
2762
12666
9224
5303
7572
6589
10750
2143
3683
1172
5727
10190
4119
8415
12989
139
3422
8512
6072
6011
793
11905
9937
666
192
740
9078
11148
4329
12814
8373
10664
2222
148
4911
11281
12370
1845
5486
9958
8232
8131
8343
491
5254
12498
6106
1467
4184
8258
1185
92
1186
921
3452
8646
9114
2407
6930
4714
12833
7511
5852
485
2470
4081
9016
3915
8132
2726
10733
7911
3805
5970
5541
4316
1146
8974
12288
10271
5202
9070
124
5371
5052
3093
12536
4702
4685
10810
5922
12758
12788
9927
12301
9008
11187
10975
7068
3121
9211
3002
10024
2395
2438
1578
7800
8314
8773
3267
9611
4210
4925
10594
11595
9866
3625
913
5442
7344
5765
1471
540
4023
3735
3637
7240
2464
12077
4518
1572
4174
7986
3648
4645
8686
5106
2015
10952
7651
7725
3577
12814
6481
2405
1313
12392
7730
9779
10034
2391
7780
11540
1436
1640
10043
11768
5294
8212
9771
11838
8919
907
7449
12921
11101
4823
7964
1297
7995
3818
11792
12505
2819
1767
3873
4807
11334
6550
7306
6526
3754
5742
1585
3398
2999
12001
12157
10872
10223
8607
316
6640
11689
4400
8993
1945
8124
3728
5176
12745
3218
9267
12382
906
1779
1280
10447
3694
2376
6231
4112
11728
9095
6557
2633
11988
2336
11733
3187
10463
4569
12349
10719
7213
3143
12355
12389
2174
3569
1844
1796
9965
6513
5304
33
550
614
12724
8725
7586
5807
4074
5955
8701
11657
3844
9810
7013
395
4307
2927
1296
7378
8402
11560
3646
7810
10963
10520
2010
6149
2973
4274
7662
1314
9828
11594
10682
4571
6060
12954
12173
8104
9625
12307
473
327
7529
10486
9639
548
558
6626
6606
11312
6610
5513
755
9331
11304
7734
8506
12883
5380
1707
3292
12869
1938
2830
3984
3340
12435
11177
1637
3633
5457
8867
7430
6751
12420
2316
2067
10135
10695
10075
10571
5494
4228
11547
7970
10707
2223
1135
12219
102
12026
1033
1369
11610
9592
4787
1772
11362
8296
589
3882
8921
11309
8576
5965
10845
4077
6803
616
11495
7101
5626
1745
8771
284
3413
11808
7122
8609
11374
11095
4187
5811
5236
2312
4059
10605
3381
5355
10719
7866
11146
1464
1946
9804
4178
9661
12405
4572
4435
2969
5278
4302
5165
1864
10268
146
7491
7063
7206
2905
7525
11895
8434
11961
861
1547
1923
3966
188
11173
3367
7078
7889
6017
8097
6691
6533
6953
6203
11125
5164
3208
3961
3784
4314
10403
2558
11001
8632
9020
4006
4788
302
1964
12506
4806
10746
1078
11926
4729
8739
10737
9671
7751
11387
3664
384
10018
6388
11775
5785
2103
7145
5845
1056
11471
10221
11723
10231
1593
10247
12249
9465
4614
8994
8470
1865
7585
5734
11975
9437
7328
10202
380
2715
9970
11102
714
3547
8211
9721
2898
10959
1057
7485
1542
12998
2131
9983
1082
12443
11417
12822
9939
9710
1060
2793
4084
4192
5496
2559
12521
4831
10451
8461
9478
12521
10756
12189
11576
1086
4471
4492
11533
10017
2630
9456
7127
12621
5095
11394
9925
5528
9866
11722
3975
3143
7417
9375
2888
6769
7324
1788
3994
10599
191
10165
7513
6677
7662
4904
6885
11301
6116
730
10137
8707
7759
6179
12910
35
1713
2467
3904
6979
7446
5698
11661
2440
2664
8789
8772
6669
12065
4924
9927
2631
10275
4273
10496
1488
3503
7735
2678
5360
3929
9700
8677
7919
1874
6287
5949
11733
2315
6831
377
12027
2952
6964
6766
4094
5686
4172
4241
1970
9313
8418
3232
10414
11430
12745
8973
3329
5799
12926
6781
3013
3154
6526
10341
6086
961
3969
1081
10503
1539
11275
10146
6731
7604
12276
2224
5203
10729
6824
11696
2960
12082
6775
518
5642
3720
9432
7860
5136
12881
4024
688
594
146
11014
5662
1700
4775
8358
9281
8235
1571
12121
12605
148
7761
5127
499
5452
11731
3485
1027
4927
12835
5207
6365
6439
6225
17
714
1891
9911
9848
7964
2180
6876
2189
1807
8702
3057
4976
2227
777
3610
1288
9364
7053
9317
6421
7711
11132
7415
2799
10413
11060
442
7353
4582
5483
2310
9257
2244
12357
2375
4024
10547
9637
234
2891
8695
5748
1693
8206
6517
2550
2657
8589
8908
5275
3962
10979
11967
4643
12450
3833
11007
12329
8168
10719
8788
2957
5659
6837
2513
6210
348
3081
9300
6364
2953
10189
2889
8644
5222
10842
10543
9231
8979
1949
4013
3998
4136
1481
8079
3790
12659
6404
3503
10767
7385
7190
6872
9403
12484
1746
11384
4859
3076
6024
2412
6834
10219
3438
12790
10490
12072
12786
1897
1725
10798
2450
11978
4585
10854
12977
3443
4447
3492
9886
6556
12222
9342
354
12481
4275
11297
5390
5229
3467
12017
712
3112
12175
9375
2083
6742
5337
620
9106
1571
9598
9669
5749
996
4877
10914
2211
12603
11751
10478
6825
3301
12558
1101
7202
6977
8037
12959
5032
3486
11650
9309
5179
8602
3879
7895
1544
5171
4622
12929
2449
10660
8191
4789
8321
12996
4871
8147
1838
4106
10406
3453
12181
12503
9742
12623
2447
3243
3661
578
6616
12540
12549
9170
4133
19
8398
676
3873
108
2222
3356
11349
1912
8417
723
721
6332
12688
11238
5285
291
8892
9172
8929
6878
1989
12508
1632
3429
10092
4775
5428
10597
10396
3651
11897
827
11125
4480
11635
9459
4385
5864
8351
12620
2356
5802
4535
8653
6060
5300
537
6163
7884
1700
11047
9032
5653
5068
9518
4642
787
6197
848
1025
9269
3775
6027
5932
1222
8839
9671
12183
3120
3535
8464
2458
1381
3657
10837
4155
8565
6072
6762
2652
9213
6967
10816
9027
734
1727
5238
4162
4547
3111
5654
367
3351
9321
10988
4277
11119
6769
53
2216
2981
10770
4003
2238
1137
9670
12895
1891
4019
2178
544
580
2050
4828
2250
26
6156
1941
3069
11594
8485
464
1305
5887
472
3984
6948
107
8777
4851
4398
7889
12924
7784
4092
3114
3483
381
6317
6174
858
10571
7960
9277
10533
52
2359
9270
3486
7860
12936
7853
6668
8689
3374
4744
2293
3082
1319
8039
9099
9310
2169
10518
5949
1043
6978
9984
9134
7121
766
4519
5126
2901
8277
8150
5059
10247
2535
2462
5968
10190
2525
8589
10190
9429
11800
1375
4769
11851
5422
325
11537
7628
10145
8244
6254
10467
2566
1389
3947
1148
2048
9430
7058
5029
5943
8532
2039
7598
8008
12909
8506
1684
3686
4169
12048
3938
11480
2101
6986
6956
3257
2390
8271
4496
3721
10569
156
5293
744
7769
2900
11837
1264
6544
8793
3716
8786
2309
7512
3961
1089
2675
9815
5780
2736
4237
3737
2891
11015
7630
7049
1488
12302
1911
9990
2142
9526
2269
2050
7830
10729
3166
9445
279
7981
10757
12631
8064
6841
4613
11667
136
2880
1786
7825
7637
871
967
6169
7234
7582
1350
12643
3289
11870
5803
7895
12632
1855
4161
12483
6459
7628
6791
8336
1472
9881
12348
12871
9137
7942
10545
7292
4719
4795
5562
10366
10871
2065
7488
1317
4068
7212
10609
2215
2826
7210
6693
9317
592
7325
9946
5106
7439
4534
12923
9334
10741
6708
6057
11214
11007
8310
6638
11272
9876
8197
9987
11951
7482
1662
5869
1176
10593
12613
12288
6048
1616
1506
4852
1168
245
919
12603
4738
11205
5290
11212
9044
3769
11268
1617
4644
4887
4439
9366
8293
12674
1961
6863
3669
1586
5173
2449
10030
12151
4175
4670
4462
1977
2916
5392
2423
6551
3412
7148
847
3990
853
11644
5301
6532
5744
12509
9272
4518
10577
1117
10625
82
9398
3914
10458
4422
1327
4431
6052
7998
7522
708
5558
11256
5485
5838
6100
7209
8785
3281
9061
4272
9162
1182
3851
3699
2578
6215
12655
10925
1858
4139
9326
2051
8464
4719
6009
5765
4847
5241
787
6951
151
2030
9984
6217
4912
9393
11241
12198
5992
5683
1732
4880
7695
603
12277
766
10881
7883
6452
12500
1496
11765
12215
7438
5117
12130
48
162
2167
8110
6750
11419
9955
12149
4771
5024
1283
5060
11834
5285
6579
12066
1355
8487
141
3910
12100
1356
12127
10273
1483
1527
2560
1353
784
6599
10469
11530
10880
1112
3204
2803
7381
3993
1498
2095
5582
3141
2874
1221
3820
10911
2851
4789
4374
12069
10424
12611
6520
12721
294
1222
11112
4492
167
4171
6385
5397
5074
576
1411
4740
6508
8498
10012
10463
7984
7862
1535
12306
3275
3430
7124
11193
6474
5242
9668
6799
3223
6222
11312
493
9755
2426
1738
4704
10725
6557
7430
5527
654
2088
2588
9742
5077
3026
12943
9300
4323
3250
5144
1690
5526
2558
4638
5837
9065
7423
561
9617
11458
2797
2657
3243
11826
6229
7901
12693
9323
1905
10469
10973
12801
9727
10476
3424
9020
8397
3506
8423
11521
11473
9544
10575
7276
11655
7646
4956
1244
10233
2372
3286
6325
5933
8142
11687
11503
9787
9351
74
3206
2280
496
6278
3822
3441
9672
8049
6644
3965
9170
10126
12824
9457
9836
2761
2432
12475
9782
1134
222
6033
1173
9583
12813
9007
9733
2508
6968
6152
774
7515
2423
5114
11857
5587
8150
6554
9116
5673
169
12456
6082
6616
12269
8903
730
1011
9663
1615
3165
11825
6295
848
11705
9497
6369
7587
2585
10587
10535
9185
6411
11865
7626
4551
8969
11915
10361
10925
109
6528
11817
10879
6778
10649
7192
6034
11295
5911
382
10935
9496
7844
7383
10367
2804
11977
12514
3004
12150
3233
5455
6903
5207
6563
3133
129
4867
2173
9199
5684
10543
1770
12544
6522
11323
7496
3048
8521
11841
2645
7157
4878
10798
2207
4500
1530
1410
3557
2854
12915
3929
3189
11575
5550
5389
5836
9075
653
11762
9759
434
9129
5397
9540
11829
5523
2743
7724
8944
8773
7741
4153
4444
8901
8449
8150
4300
12647
54
5065
9692
5465
9199
6104
10001
5897
11164
10266
920
5182
4520
6224
37
9867
11437
10905
2072
2938
7973
2109
9464
8134
5059
5923
8633
10119
6901
7420
6600
9940
67
5750
8749
10659
5267
950
8960
12034
1693
5402
3238
863
7505
5239
11174
5666
5076
8958
1481
4942
5588
2931
1023
1771
11085
11264
4204
1680
10705
11787
9574
7011
11549
886
8341
2464
4833
7319
3660
3764
12598
1639
6198
331
11815
5361
7572
5987
4405
947
3787
5846
8510
4549
11202
8153
1615
3243
3697
1404
8975
2385
6675
7656
8066
6155
7914
4953
160
12926
12737
9364
3947
10907
9844
286
9738
10202
1694
9360
4709
8380
11058
1350
6029
881
8979
9752
12423
3850
11046
3396
9357
5905
5220
164
6113
240
212
2195
11983
7113
9062
3234
11028
5358
12298
9028
3455
10259
10325
12243
8605
6328
11325
2654
7467
11604
1499
8016
69
9141
12624
9627
8024
2560
3530
12963
1288
9431
4796
4520
11803
512
10917
443
243
9174
704
271
2949
5616
2074
6290
12633
5533
12153
3645
562
9185
9562
1706
2884
10692
9910
732
12098
9839
2269
3727
65
8619
6172
581
1107
7521
4755
6957
76
8488
7914
3718
12281
11411
6405
5078
10685
178
10453
4259
6900
12249
7665
11272
2481
8623
3937
6821
10024
295
1416
10350
5477
11234
11880
3735
5581
9781
5177
4177
4528
3486
7998
3477
2758
11900
8786
3531
7343
4513
12258
5226
11194
8754
3586
12017
3358
2474
8575
7271
6386
856
7485
9723
4996
6405
5591
393
10909
6139
9159
8788
8327
8026
2947
315
7718
12061
3845
7087
5415
12913
12189
8475
8678
2593
4679
1540
1873
8556
7557
10755
8067
6183
3959
12379
11579
681
9044
6330
8095
127
10527
12739
2702
985
7221
3176
10316
9022
7838
9109
11146
1597
1626
12115
8055
2605
9448
7360
7885
1633
3222
7817
3774
8315
9173
10263
1136
2998
5430
317
12731
11722
5357
9230
15
6338
11803
10777
8831
8555
3817
9535
4412
10501
600
5324
6632
8149
6023
10228
9035
2887
11213
9574
11237
10947
12628
7909
9018
6302
11647
5610
3700
10055
9773
5830
3155
11480
7984
11337
5258
8085
4972
11366
1591
11185
2889
3427
4659
11491
11729
1868
6869
8899
6869
8182
3823
11137
12589
2872
1769
7733
1125
11665
8175
8512
9579
8712
7741
12280
1925
2741
6105
10140
6259
10338
2917
6824
9936
7483
2053
6317
9457
11667
4682
698
11055
1011
7831
10002
12345
1696
5820
9598
9915
7020
526
7387
2886
3356
6399
12124
1350
3257
2751
8798
6891
11450
10726
9713
8223
7421
9146
7652
9879
4099
11673
1785
4607
1404
3350
8402
4092
7553
4288
3119
362
11683
6191
9825
555
9352
10003
7991
9354
9017
8071
8898
11145
