3016
6063
11617
1547
6697
6548
8967
9431
5645
1841
1070
8681
2012
3422
1380
11509
5327
12326
565
2714
2395
12217
1451
8641
7741
6875
11025
1539
5756
4646
10215
10439
8748
12480
10300
11976
4510
9622
10813
1132
20
11451
2852
2445
5143
1685
9263
7121
4090
4348
8780
13287
7989
12509
5699
9926
5421
647
11803
1588
328
2766
91
13222
7513
14000
8401
10475
13020
6319
4829
7190
8035
3281
3573
2406
10953
11102
12752
12626
11648
4222
8468
4064
13348
10481
7702
13859
2257
13016
11090
3758
8379
10946
2979
13830
12141
8797
10655
1528
726
6993
11440
13806
12560
1841
2171
3193
12223
13635
5591
4933
6727
3440
5571
7584
7363
10060
1398
428
10719
2726
5511
7239
10616
3102
4320
5607
2522
9340
1828
1639
2453
8076
245
11102
10375
9204
2357
3697
12104
8010
9283
1974
11231
10481
8436
7915
713
9889
4215
9120
12238
11727
4624
9745
9278
3788
812
13391
940
9257
11082
4406
4665
11679
3849
9849
5496
2266
2365
3254
6169
1036
4630
6605
1523
11186
9735
6055
4517
5874
5820
3407
9768
10173
12331
2773
11607
7200
9846
8476
4616
2635
3756
9143
13237
3107
3005
6238
13917
9711
724
2139
5209
2833
7950
3898
11797
1964
12050
8196
5120
13039
3552
6991
10948
6864
11136
9387
12774
2211
7065
12055
2530
11282
12371
6905
12790
655
1494
8157
5610
10541
4153
8463
4009
11634
10811
9647
7563
312
5388
1985
12794
3178
1476
341
3814
10290
5436
8260
6768
1676
2496
4423
10243
8959
1318
9722
2155
13680
13910
5307
895
5305
11314
5828
8514
2915
3421
4211
2630
159
10101
2426
8050
12387
12839
2198
2808
5733
4180
8231
13248
3067
5387
1262
11624
9413
9264
1308
1177
4126
13027
2698
1460
13250
7275
9364
5147
7946
10804
7755
11196
4298
6147
169
6686
10540
2502
8513
1075
2114
3282
10147
8263
13549
11158
12641
11899
1382
8517
1625
11336
2210
8672
4040
13848
6520
12081
91
9860
43
10813
1432
4849
10540
2786
2778
9024
13988
8941
9165
6414
11959
5031
1224
9527
1410
5689
11166
6718
11929
9440
4765
3266
10953
6875
13732
9615
3127
10776
9923
6971
3128
13803
8640
8643
2584
9133
11173
644
12629
5968
12680
5957
5723
10887
8494
11740
10519
4659
4410
6166
7442
3398
6349
2571
6745
8930
13046
3047
3753
7813
7115
2285
978
13658
300
12236
5450
8603
11576
13332
6003
11779
4973
2890
10997
9859
8362
8806
3631
11355
8724
8467
6746
3407
9092
6364
2651
3295
7296
11882
2214
2169
13326
1512
744
3923
11090
4868
3558
10535
12559
10684
2414
9553
6147
13828
6297
1444
10716
8024
2881
5466
1172
3255
1902
13357
12359
13464
5249
2525
6405
13799
11054
5312
4379
10694
8895
10697
4934
12619
2221
3632
2120
13013
6356
9675
5959
4091
6879
11687
8125
7261
11603
7793
10407
9308
4188
10325
9891
2175
920
2755
3589
1917
5631
5055
12611
6396
11255
10776
197
5011
9711
6616
10760
6930
7044
3757
11429
8876
2937
5106
8330
7940
4350
9622
1149
5399
12067
11141
6421
9962
3228
9134
1610
5853
7160
12048
5048
3092
13644
9817
6425
5768
3645
1815
13401
4491
5130
11331
10216
9063
8315
4870
7124
8134
13635
4697
8113
2489
5851
9545
6720
12090
11446
1403
4886
11126
7681
5924
3274
7554
8634
587
12549
10067
13941
13038
13726
1355
1648
13755
4306
13717
11134
12278
3511
5839
2327
2983
5167
11086
8629
8313
2303
6703
13329
9450
3515
396
11486
3757
13899
12380
9277
5908
10891
6368
4551
3663
9841
2728
7307
10127
13571
366
7063
12665
6480
12465
11909
9820
230
6109
187
13762
3978
4383
10230
9758
3818
631
12950
7590
1788
437
8202
4825
2505
13453
7305
11780
11095
453
12512
12455
6709
9712
5217
7076
1493
11439
13688
12227
1323
3697
9686
5299
1373
1373
5696
5864
2337
11584
3356
6196
9242
9825
3631
4980
9444
989
9800
4827
9576
9663
7521
13528
874
654
10976
10725
7710
4673
4714
6626
5801
12881
13703
10134
1533
11481
11519
8272
682
10253
2969
11507
8814
7696
1736
847
4383
13697
12549
7848
2981
11279
5595
1681
997
12539
12777
13191
10224
9898
1474
5722
4296
3022
5814
1477
212
12676
13268
12972
4252
12790
2449
3340
4643
2701
6267
6118
5634
1570
7044
4293
11569
10547
12137
9755
4113
11675
12926
4738
7757
8983
12706
3284
3307
8856
9977
1882
12115
5066
9654
1645
237
13629
3266
906
3879
13173
5238
10745
2364
8135
10237
3474
459
1971
9425
2258
13430
3004
3324
4311
8947
1764
13803
469
9713
3291
10239
2773
1717
97
9672
10591
13513
13741
6096
4921
8933
11027
3627
3017
8371
10066
7441
2642
2970
120
8109
7749
11737
8258
10809
292
6245
6730
7906
9262
4499
614
10162
12546
10505
10856
7613
9533
4239
13701
824
7182
9746
4175
13321
10980
9251
13218
1625
12472
12863
2458
4530
4045
13444
7074
4533
1477
12915
9912
10586
2232
2719
11594
9991
13532
5437
9964
4675
12780
12697
137
5447
9909
6592
12433
4643
13564
12603
12850
3131
475
3028
9370
6937
11530
11591
8976
9700
4929
3132
6778
10219
13850
8732
3582
10038
8863
7839
4716
7692
11801
8559
2977
7103
1159
12525
3339
12035
6423
3669
815
5944
10076
7838
7895
12904
2660
13657
9098
11684
611
12654
2393
9232
6134
2112
4681
4373
10080
7290
7491
8727
3104
7455
11075
2451
13092
12096
4798
13794
11606
8024
10687
10345
1261
13241
7894
10522
898
1861
2779
7697
1541
5722
1070
2536
6375
7691
8469
8491
9461
1254
5813
4305
3106
1867
8159
4197
3210
11216
675
3917
8444
6628
2032
4251
5575
10282
4186
10443
6203
13463
10276
922
4778
7755
9915
5159
10320
4812
11358
6349
10492
9716
10615
12377
13037
2233
7642
8376
8876
6786
6601
13056
12286
3238
5379
5128
8060
6965
490
1581
3170
5295
3635
6873
13812
6322
299
5528
2661
13047
12528
7765
237
1267
493
10419
5897
7153
3871
6438
66
9779
12971
10131
2573
8752
8161
5286
6366
4297
724
3263
13365
10684
12027
1674
11800
3731
8473
189
11651
9804
3645
9059
3042
5024
8702
9001
421
7307
6308
3806
2478
1009
13256
5253
9743
5973
4889
10372
8729
8342
8480
2874
12072
6832
2907
5897
6982
8419
10456
3828
5205
5279
10457
1263
6373
3538
9243
3158
5664
13981
1925
6204
2607
5040
8723
13061
8261
1302
1619
3645
11754
878
6820
6026
8943
7430
12816
4801
567
13134
1367
2579
10862
2586
6787
2000
850
9719
3389
1224
11775
7354
2262
3317
6938
10074
13905
5673
12436
6054
5267
6527
11820
6463
5921
13984
3452
876
8122
2382
6247
9331
440
1197
10948
3930
12398
6266
1313
12826
7772
9017
11564
9364
11295
10096
6694
11984
13453
11660
11361
6141
1302
13685
1733
3651
11402
1557
1449
10224
13764
8430
4512
12726
5421
6669
8546
8699
4865
975
292
7499
12865
6973
6115
10152
6817
10279
10748
4577
9060
12106
6688
5490
9607
1281
9841
3941
8495
10713
8379
5503
9168
2910
2995
10541
7713
1529
8348
4451
2661
4153
13508
2772
9928
6350
10443
4991
5523
1096
12613
5648
2380
10721
7746
1034
6516
1860
4307
6628
6805
3921
3036
10500
9995
1909
13878
4262
10066
8516
6557
9374
590
7198
6662
8105
4076
3354
450
12481
8560
10919
7245
3182
6289
13348
7560
5218
9066
5406
1580
91
7286
5738
4739
5468
940
7351
6024
4452
4023
8
3120
7106
4700
2939
3775
350
13113
2874
9213
8716
4365
853
3639
12288
5136
13984
3640
828
3560
11384
1025
7513
5100
11448
1875
5511
3588
4949
6089
955
3155
12227
8419
8789
10063
3517
1464
12185
9758
9644
13658
7403
1053
9138
3626
6615
13298
6950
6672
7221
3941
7922
12026
7872
9954
7044
10149
12559
9052
1757
6064
8059
6164
4676
376
7756
13473
8098
5183
82
7883
746
13516
254
10915
319
13942
13571
8146
7698
7348
3223
6101
7312
6556
3148
7678
1768
12129
7921
11897
12552
9337
9562
679
2604
1779
7371
11550
4707
7111
10035
13366
13379
5440
13425
3328
1510
69
11947
5510
7994
245
2017
1769
677
2168
10970
10478
7754
13924
1183
9897
6041
7660
11896
1457
8305
4373
1765
2144
7096
6857
4447
2417
8141
12234
9866
552
7666
12240
3242
8357
3928
2003
10245
4553
7156
6434
1381
11877
12060
5842
4553
10593
6507
2065
988
13645
7293
10833
4889
11695
2463
6147
8423
6985
5679
7010
4445
9987
6755
5961
11869
5119
2580
7599
5819
10545
7151
1203
467
13002
2538
11941
5254
6456
5400
11943
9427
8123
6086
3839
1244
12943
6801
6538
6427
10287
8401
6781
747
2190
6919
3063
611
12473
2197
2094
6347
6035
10836
1611
5767
418
12465
11818
11395
3512
9888
12403
13782
12981
7528
13123
9758
4987
9211
12058
2971
2231
5030
10583
2791
9454
1343
9416
642
9515
12918
9067
7543
10775
5382
13220
11565
3421
1840
2587
2896
13868
6628
12428
913
5749
756
9359
13625
6982
12087
12448
12557
9424
11223
880
1018
10570
5261
6847
5310
2303
13677
13368
13352
1796
5569
13120
7407
1133
1566
12350
4520
12584
7951
6396
9600
5855
9475
4988
11518
1057
10224
7655
6841
8733
770
12761
12107
4333
12349
5563
2373
2528
4601
13412
11846
6462
5995
9229
4709
7323
7386
13266
7809
4831
1488
2252
6579
4327
3008
3924
11432
4025
9496
8038
5663
5759
11987
10621
5901
3241
3828
3226
3028
334
8715
12474
6291
11682
345
2000
9710
11551
1048
8260
4186
6755
5707
2340
13628
2257
6143
8645
4312
581
3422
4689
12374
1151
1266
7527
4556
9253
11406
11490
86
3554
8001
2607
4478
1096
9048
4686
5489
6573
10472
376
7425
7808
13941
1864
8719
9098
13437
2119
2623
7780
9306
2909
2454
12373
11314
9025
1208
2360
10290
6466
7970
13264
6793
6481
10991
11868
13312
12514
3891
6916
13031
13423
1425
6574
1284
9612
4985
11637
11663
12370
9561
4870
1877
12889
1320
8574
11764
3431
11010
10725
10654
12873
11043
8008
2784
6158
1897
7764
6380
4573
6501
11588
11414
7609
415
6911
13641
6583
3453
3177
1208
13470
10494
12587
5805
266
7233
9664
8543
7313
2660
842
1006
2568
10546
1395
7502
1608
1463
8092
2756
8097
12423
6924
12127
11002
4559
417
1399
4426
8590
2355
8349
13525
4724
9190
9154
13332
10179
6057
13265
4057
1809
2454
12032
12931
7983
8214
737
9545
5920
3610
1864
4048
11642
1950
4610
3249
6882
9307
10024
1846
3768
6705
9097
12533
12256
13059
6656
12120
7220
8951
12097
7279
988
2413
804
10283
5043
5417
3686
10446
6566
4808
4898
6621
973
9765
2367
3751
6916
812
13540
5287
12931
13365
9627
9965
2506
4505
10376
655
4657
857
1265
1686
7664
3502
11787
7234
941
3473
74
12502
10136
4548
2108
7198
13424
5268
2747
4036
3891
11513
3317
11580
7740
12445
12006
7199
7696
5461
11492
9584
9990
3186
10273
6425
4107
12087
5794
4120
3243
3345
3322
7709
10700
3538
3006
11794
1571
9699
11820
7033
13324
7287
915
5926
4898
6824
6053
8292
9050
7930
3095
12551
4183
10424
5996
12474
9869
3387
10426
6309
7370
495
8777
11226
11693
2832
9805
8198
13287
4338
4846
8963
3814
620
4444
6918
10255
9053
12670
13016
1087
1400
11058
9532
5576
4524
11425
12693
7373
6112
13435
3771
672
8018
4743
8063
11915
3975
13398
10550
9937
9277
7495
2095
1926
12510
10151
12738
9974
4232
10033
6071
3489
9526
5799
5029
9794
8501
100
12353
5486
9828
12719
2457
10503
430
4444
13280
11888
10747
3950
10878
8966
7891
9569
5087
9529
3293
6874
10487
9879
3784
7689
11430
9970
13659
10009
5181
7250
1717
12779
8337
4552
1861
1149
8712
6072
4841
8666
4970
2931
433
9836
2374
1250
12531
4640
7838
10178
128
12618
5385
6466
12347
4936
2507
5096
11177
3521
560
11251
7425
9852
9574
7557
645
4193
13229
6261
6610
11559
13193
10178
2958
3327
1161
13221
8663
9065
5240
6730
3943
10054
1281
3052
11157
3225
12542
507
13445
282
10847
13084
4896
8049
9696
9728
13766
425
2871
2700
12618
6980
11525
288
726
11221
9439
10679
3637
2871
3695
8946
3593
1352
8223
11946
6574
6750
1595
7148
11426
5312
11864
11678
108
3932
5980
4850
9309
11232
6546
4246
916
10056
2819
13778
9417
1680
9808
11231
7814
5754
6907
6810
13282
5416
4383
1831
1259
197
2380
4258
10628
8687
8034
7705
5584
3995
9870
5593
8216
12392
12949
4538
9614
2757
1906
9773
10905
8673
10969
2207
2282
1589
4266
3975
1953
6974
2368
11132
9595
7984
4448
613
840
10301
7770
3644
8722
740
8582
5655
7156
1083
1393
5082
9890
10208
10053
2101
5645
13780
1551
4370
11483
3334
9847
3309
3373
5139
9776
11899
2753
3771
9567
4278
6929
10173
1680
8922
9590
2508
10171
9464
7923
9773
3368
1534
13862
6113
3909
10435
2731
9851
11509
12061
2244
4132
3224
11249
189
7234
21
5023
12700
4521
7271
5565
8353
1741
6224
11943
478
2133
6320
2785
3003
3740
12305
12148
8553
6975
3637
8884
5372
3211
2654
12042
3459
5835
5636
6729
1383
7930
7021
5709
952
10971
10175
13033
2485
13600
4944
10518
4046
3034
10556
9227
12754
1622
4825
5836
6176
8694
10547
7743
12055
9437
2558
4510
3493
328
161
13414
2675
7896
2548
6186
8801
3095
294
213
9393
3742
4113
8446
5403
983
9517
4138
9523
6478
11242
237
6314
13936
13127
11218
7460
11911
1510
12814
2926
11099
11655
10829
10340
1265
9138
597
10737
1626
2798
6541
9684
13950
11054
8567
13602
1869
5605
1071
10155
13377
9077
6047
13336
12262
12382
7815
8159
6068
7069
8456
4000
8680
7948
4331
659
13885
10193
4471
10337
7465
7754
10117
13287
2565
9291
9482
5314
4649
1880
11603
5411
8605
6436
6220
1298
4333
2717
12932
5411
3725
12107
13025
5506
9458
647
1727
3370
9889
5698
2297
4637
296
13208
6104
4276
74
6340
12539
4115
11179
3947
2374
2567
621
4082
10032
12899
12548
3721
4704
968
1676
8316
1864
9020
4278
645
5260
5585
11494
9178
6325
11333
9105
12665
1690
10508
8129
8955
6595
10941
13905
12941
9615
13252
2066
3212
11982
13828
4993
6329
2964
8316
8504
12195
1911
1622
13741
7079
2041
10634
8154
2491
5564
9492
13447
1618
34
4889
3569
544
1952
6369
10690
2138
3346
4206
11394
2472
12142
3672
2924
13773
5392
2220
1499
9306
12017
2270
10082
2165
8626
9630
5640
3116
4123
6097
8356
13901
13165
12081
7684
1227
4406
10269
11921
435
13295
13670
3583
2548
12839
2247
695
10482
10000
10133
10964
10523
11384
4434
2725
616
4079
9589
12157
694
2761
9246
453
12693
3064
10898
686
3689
1479
5449
5655
7228
7155
7119
1213
7741
11524
7221
4690
10353
10893
13616
6364
5321
9031
13368
8437
7701
5203
274
4734
4048
5426
7365
12744
2133
9063
2267
4332
11018
3926
5600
4353
2127
10764
13547
13364
7767
2577
1502
13382
8027
11767
167
2802
11573
6572
78
3549
1083
12877
7034
13032
8238
1070
1423
3588
5355
10755
11483
7358
4107
9783
11130
2911
5970
12992
8957
6435
10678
10391
11211
725
983
5690
9527
13971
11672
10205
7880
2585
1354
11277
6705
7342
827
9077
12876
9888
4402
9679
1531
8566
2885
283
13839
7797
10931
10049
12091
747
4727
2728
13347
10284
7007
5240
3660
793
6520
11581
2126
8870
3889
8172
2361
4893
11122
11861
10672
13446
11262
5671
418
828
13767
1281
12207
6679
4378
10066
1527
13299
8942
3348
222
10572
1011
1456
2485
3826
12346
1931
9606
10810
7517
13369
5304
9304
2429
13166
11156
2481
7804
3593
8321
259
11259
10540
9836
314
7428
5676
12479
2704
9741
5263
1274
8955
11972
8165
13380
6050
838
7487
4345
11639
11811
7471
9082
10920
11448
13191
9428
3578
13565
3959
11437
11609
9801
10811
9333
8070
12651
10025
2622
2362
7507
13015
1194
3105
13571
181
13162
8690
5802
7826
4168
375
8106
11570
6846
12071
10998
3298
830
11379
6658
3623
4541
8199
1712
12224
302
10659
3751
7016
4918
4117
3179
13233
3748
10336
3905
1765
11890
12632
13696
7951
12100
7329
10495
5134
4195
224
404
10118
7540
12340
9229
4166
10861
5702
10842
1967
10519
8191
4121
8155
1143
464
11554
12036
4318
10688
10358
6868
8894
2006
6518
1368
4581
278
5595
11217
11881
13008
2034
1862
10488
11011
13475
1132
8236
5742
10690
3570
4843
3169
294
10713
8278
2129
1178
8641
2761
12797
5465
1044
411
12041
2649
12068
7447
8260
2574
13844
5572
9717
4467
5038
7904
13026
4726
8969
6255
2729
6666
5326
2742
9133
7072
6714
8162
10704
1245
4386
4145
5802
12552
1885
1127
12723
7304
11138
613
2650
12405
10772
2956
12723
10995
6424
2500
5479
7373
3431
9763
12839
10816
12356
10697
3581
2473
9574
10839
5104
840
13415
9864
12784
7544
5741
11169
10418
10369
671
838
12897
12915
8200
13370
2667
10477
2971
12444
13947
7389
1491
10888
6623
12779
676
11708
7382
7275
8811
12295
1805
12661
9152
4930
6518
3216
7914
2599
7274
10373
7143
10305
11429
8790
2997
12532
3217
8893
8092
2293
3256
10375
3955
10111
5929
6547
93
2689
13806
13265
541
12979
7349
5748
3034
9475
12931
10514
3674
6066
2618
11987
12791
6427
5969
5245
11923
995
6585
8504
5306
3656
9714
1204
3141
6812
2764
7984
10377
6975
7559
13209
13087
3346
11229
3680
4572
6102
1317
10491
6035
1468
11802
12402
4970
5404
11701
45
8688
7161
739
162
983
11972
2330
11445
5358
13803
10558
1816
9062
3299
5406
9233
4895
1741
11943
12470
8108
2966
2551
7647
2760
5214
4689
6824
9312
3264
3563
9064
923
8344
5680
8877
1420
1445
13125
12823
5800
13703
882
12306
4056
12620
4872
2484
4840
7817
9474
5749
1910
12436
12660
10846
433
1205
1966
2018
10520
5055
11195
10595
13796
7015
6080
1753
8297
4591
9992
13326
10136
2231
737
13200
10817
9658
12485
1052
9500
10434
11706
7196
389
6157
11375
10340
12190
1829
13893
9978
9035
1256
8057
8462
128
6346
787
10125
9980
13734
9651
7518
11500
4855
13950
8865
9204
7770
8917
4028
5664
12064
12707
9261
10807
4045
1971
6905
2120
2445
10927
7576
13022
2148
1052
1518
13251
8008
963
6329
7858
1415
4920
3800
3698
91
13751
9211
10628
7932
12182
10089
2116
9237
5337
13676
7874
4271
5065
12278
4963
10993
6102
6273
5813
8703
3902
9583
8980
2330
8591
2157
2410
9914
13275
18
1798
10649
1985
11711
2838
13263
10422
13799
8027
3337
11386
5783
882
819
9699
489
2061
13578
9625
9968
8221
13451
11259
8444
11535
11435
4310
9699
8211
13116
2666
11716
6779
12672
6828
12077
11630
1209
10967
13837
6217
7674
1960
12236
9723
10651
3862
3222
11738
10846
7489
10620
3289
3595
13167
5640
13032
1744
13407
11958
4848
439
8639
2895
4136
10774
1301
6841
11227
3908
13172
6587
12195
7416
7284
9215
6310
13582
10264
2451
2095
10526
9159
5332
2644
2354
2652
9482
8787
11750
5688
1678
2393
5432
13851
2234
12883
3844
7865
12215
13971
11920
12309
11477
6149
13214
1116
2880
12028
963
12234
1008
11300
2744
2579
12270
13145
7288
1012
5127
2859
4446
6235
6612
9496
7081
7780
8687
4705
4948
13891
950
9421
1276
4121
2231
9466
9161
4411
11864
13877
5127
5952
10408
10878
3176
13979
12301
10772
12286
1699
12577
739
4874
10026
1799
443
13140
8520
7369
8634
1831
3982
13384
7940
13695
12704
2563
3929
9588
13446
1422
7684
9205
2085
13430
1263
8175
3264
11072
1152
9758
10454
3837
3098
1910
12237
8563
1158
5702
5487
3272
10532
12866
2976
7801
11140
9681
13686
6890
178
826
11660
13791
9700
3978
3358
8140
5745
2579
7330
11224
8332
4865
10186
4948
5179
6951
2480
7256
7770
9442
11333
13377
11981
12656
9347
9388
8361
4761
117
1362
6818
724
12797
13410
2442
4410
3232
11972
7843
11352
10980
416
1720
13910
6624
2204
7100
13063
13445
9073
9706
6137
10429
4067
2330
2583
13563
13326
13014
6385
7716
9112
5282
5772
10049
6790
2825
12552
7347
7612
748
2760
4421
10717
11410
5249
10808
566
3428
7956
3302
9613
7823
4629
8748
11590
11058
12981
2386
951
2479
4595
3000
13712
10005
6242
13367
2996
2593
584
9140
8744
4794
931
4135
9180
4661
1519
700
3681
1233
7340
3200
8603
7721
10594
1333
864
4050
7316
10510
12694
2420
3063
12986
8887
10332
9236
10174
6537
4004
5026
6861
7967
72
7984
4843
10615
4606
2071
13550
4126
9436
12416
12619
6863
4698
11918
7545
6916
5862
6058
4359
12300
1645
13666
8178
2357
6232
2280
10599
10070
4276
5426
6680
8936
9452
9364
5490
6241
7401
13261
7250
611
3697
12964
8428
9128
4449
566
9503
3797
13742
10289
2863
142
11488
2918
12540
7087
394
298
10137
11710
12883
4302
6251
12910
8755
1753
1920
7508
99
4849
10973
11229
1239
2766
7074
13436
7504
3026
13122
12021
5879
13998
8574
966
2155
12893
2183
10636
4421
10803
4846
12453
10725
13881
25
809
1099
13189
11733
12582
1265
13639
3054
2450
7133
4897
13394
3620
5742
7968
4394
12825
973
10722
1346
11196
12818
9944
9761
6581
1726
3103
1879
6789
9788
1658
7468
11892
3111
3809
7413
11002
6103
7297
64
8414
11907
2368
3640
11198
5905
1011
10546
4610
13560
5075
4221
10345
10201
8124
10699
4520
11478
2049
13166
13388
10026
7686
8020
3950
7065
5340
220
5223
13579
4467
8898
9654
9128
3738
9064
3724
4171
10521
12600
4697
10703
7201
2457
9172
10592
2882
12642
8966
3994
10874
6638
5359
8346
3140
11057
4903
9011
544
4855
6234
12309
6101
6066
4636
11703
6462
5404
2567
1128
7346
7514
9499
8772
649
9187
12541
8282
7971
12009
8049
4087
5308
13955
1501
7260
126
10070
8189
12091
5782
5547
11553
9216
6262
8246
13450
12225
3044
12462
6339
1872
3765
12673
6884
6130
9950
10491
3328
6213
13758
13486
1109
1979
1082
10526
4089
981
9391
7265
11171
960
5167
11099
4442
10054
12290
391
1375
3575
8884
3922
9339
4323
1213
5152
3843
1065
4691
3274
12595
8760
11205
1045
6546
4654
13194
2739
4355
4189
9635
8746
1568
9143
5535
4943
12431
13910
5947
9726
5352
6701
3911
10818
8036
12247
12525
7976
3856
6356
11270
1737
3600
627
6322
10982
2856
12429
7175
10726
6357
5309
12705
8929
4495
2251
12302
186
1318
5913
8056
10272
11897
2378
7754
12328
4927
5757
9298
650
7643
7154
386
3015
5253
3146
13029
7124
3375
1853
5559
12084
3806
4634
5142
13414
4203
3157
7394
11261
6121
625
10438
12354
8520
8914
1023
6530
6667
3034
10003
9885
3553
11057
3810
4237
98
5624
6596
3779
10685
13555
13658
2118
9142
4260
10516
8196
12752
12443
1868
8960
11941
11046
10915
6279
12483
8709
13701
6435
12262
11793
8908
7036
9531
8227
11884
5823
4614
9812
11822
11312
6286
12699
6764
4706
3238
7844
5486
6439
8071
7308
13474
7177
7703
5525
531
10699
7393
1651
8245
3156
1895
9789
4760
7106
4652
7713
10443
1628
894
1034
13230
4315
3851
6469
7859
5769
2119
5313
8783
12529
8833
10976
2818
12038
9462
9062
3994
7334
252
2306
6105
8013
13860
11329
573
4974
6376
1480
2171
7130
13016
2759
11052
4209
1624
9088
8647
5382
12472
10971
11559
508
11578
7179
933
10274
1536
442
13392
9365
1200
6773
10907
3769
9422
7719
11799
13051
11647
5359
8211
2142
9900
3222
10688
8416
6102
607
9186
10885
7228
10727
3424
5484
10265
1663
8235
11396
26
10374
7414
5565
10224
6649
9136
10006
2429
10220
5800
3133
4350
2813
3391
8374
12502
8277
2873
4709
8886
793
12105
7312
12869
10469
10067
8746
2757
11813
3169
12908
2333
9924
3355
9540
5206
13703
7789
10407
9952
4512
9483
9862
4457
6237
9786
13666
6206
8742
13615
10667
13457
10725
10425
11919
10550
5114
12288
12635
6258
13768
384
9994
5282
2705
13884
11424
7420
2132
13489
6057
11165
9735
4775
9389
13974
9740
208
1069
1548
1250
848
12927
7513
7165
5176
3217
12235
2181
13841
3684
5257
6949
8948
7305
10154
12114
12644
7684
9768
7957
3779
9976
11363
11462
10686
12248
7884
12062
8420
13802
815
2478
7894
7899
11233
5127
11398
8407
5242
1425
9182
4935
3017
2015
6458
2964
3812
4026
739
7665
12720
11171
682
5935
10769
10101
1358
4227
12983
7275
1165
8316
1753
1935
6266
13947
5798
11097
12668
12598
3315
4147
9397
790
3290
11214
4908
7482
12013
1481
11895
6402
4683
6475
4206
6152
4956
5051
5514
10238
7161
2761
11897
3452
11888
9329
8368
12380
6940
10889
4669
10045
6859
11902
1581
8419
558
13474
10345
10648
5500
5871
9743
1938
8975
12411
1812
13685
6658
1030
3358
9479
6243
4378
12245
11387
10199
13321
9407
1518
6762
6755
2379
2267
5084
3861
10498
11466
5718
13346
2219
5180
9467
9000
5113
875
417
5969
2182
1519
9238
2146
6320
9799
2543
8215
7609
8774
7342
12871
4502
4820
2095
13106
5723
12695
11125
10471
4625
1405
4222
11104
13809
3586
8072
12314
8590
5209
9039
5795
331
6109
10770
2220
11450
6310
227
12282
1166
312
7655
2449
6919
11798
3613
11759
11312
4690
13010
1034
12634
11214
3532
10955
2220
927
9618
5565
11177
8595
8173
213
12741
6703
10475
1686
530
3851
6746
6742
5636
12569
9644
10952
7573
437
5092
11160
8893
1839
10254
285
10
12500
12579
10892
13535
3633
13352
1543
1268
13649
13760
5757
10296
10385
2207
13837
7973
969
4309
1878
7049
11568
7276
10470
8172
8886
3606
7471
4136
9325
3233
4009
9289
3526
8979
1202
239
6438
3037
395
6631
8342
6972
5597
4800
11284
10440
9841
1199
1040
2254
8485
11180
6726
8269
8927
3911
12906
962
4868
10903
12066
2879
1020
5805
664
9878
9502
9500
4684
7983
9948
368
11214
12193
8039
6344
2333
9896
4620
12405
1807
4500
6058
7329
4152
7623
11353
4234
5410
12818
13933
679
1442
9220
1725
7396
386
4967
5766
986
13822
11775
3915
4383
1440
12943
13669
13062
12275
13276
377
8790
10825
6400
12186
357
5299
2397
10945
3868
4392
3101
5715
6509
13398
13915
10121
9371
2668
2709
2981
4639
3226
2156
13994
10321
9816
10007
7654
10337
4371
10479
8595
1779
10738
1588
3644
3888
8493
10807
6784
6585
3520
199
826
2353
13438
2532
744
7895
9022
6117
4245
6550
1405
6093
7867
9650
5733
1421
3658
1531
12636
3932
10437
7100
3153
3982
9394
11832
8166
5435
11134
8710
13762
12947
4892
2398
10329
3580
10268
10678
8243
10388
13603
665
10985
2260
13172
10405
8403
4653
13461
3595
3861
13849
10395
7748
749
5321
3787
8459
4807
2232
1413
6553
8238
11312
4409
8842
5710
11927
561
443
9082
3977
2451
11998
3137
5398
2936
9811
12719
732
10549
11244
11062
950
7275
13582
13623
7484
3276
9347
9088
5669
10702
9703
13409
4818
847
4118
5905
11548
3086
6788
3802
2136
13385
11556
9520
7887
1065
525
7721
3393
12981
2040
1557
3233
501
6388
9891
7989
3969
953
12149
4771
5315
3959
9914
9555
9349
2750
12254
11873
13135
12161
905
9681
9451
8943
6742
5108
518
11498
10551
8498
11279
550
13470
9153
7318
10821
8723
3283
5529
5560
8027
12899
4441
4936
11858
13938
3509
10969
6310
5570
8826
3758
746
10163
11715
8490
3049
7815
5154
11833
12475
7663
3757
3785
4427
13698
10521
3612
417
5866
7362
7844
3747
2409
12986
9745
3474
4819
5442
4056
10877
152
5176
3933
10959
6877
8541
6482
6640
13193
10054
10613
3308
10880
4004
9562
7217
10866
12922
1526
9238
7387
1936
11920
13908
9692
4195
12383
5822
10323
2572
4410
12602
11295
4842
1489
8272
6820
762
1735
10431
12043
3782
12782
1594
1026
8562
9233
9101
8335
7859
13268
6195
2511
7375
13870
1605
4500
9529
11944
7970
10175
474
6948
8267
7321
2059
4653
2359
5840
10240
6304
8903
9155
12761
9296
2200
7482
502
9173
8229
11326
13660
5583
6034
12494
949
43
4413
446
2849
5185
7884
10699
5163
12507
4283
4396
11323
8256
2028
8541
4615
7162
13635
656
2209
7212
8574
10703
9420
13195
10788
11180
2952
3630
2082
4637
9373
10390
9019
4740
12657
6177
4594
9567
5758
4349
419
2858
13001
211
3522
399
918
7347
7323
12789
316
8753
11186
3618
13048
2991
10416
356
2687
10046
10342
6508
1097
12827
6208
10778
81
8891
13406
7856
1129
10410
9841
9771
13603
10983
149
3712
8391
6323
9348
3283
4915
2655
3477
5943
5983
1202
4058
13640
5958
1988
1976
1111
677
13008
11864
8427
5934
4861
914
159
6100
5120
8838
9259
5699
4379
388
13582
7530
1964
5659
3404
1293
8780
7898
12301
4624
7171
2516
1973
9440
10910
2729
10733
2251
1961
275
3460
1995
3690
2437
7626
10575
7174
1194
6068
4940
7798
11121
7916
13578
4869
12583
11032
13211
6365
2572
10799
9088
4146
9399
4279
9399
8754
13864
12441
256
4333
13388
13075
9733
8990
13831
5592
9023
13046
12185
9454
12776
11734
4528
12184
11895
8791
3335
10321
3114
7446
6887
12699
12942
2927
3322
992
8233
1620
7376
2920
4873
2587
6171
4852
6213
135
4940
6492
2774
1319
7132
11550
863
1788
320
3997
12779
12908
4934
4758
2612
3489
4263
11046
2478
2637
7211
11890
4404
9775
1833
2411
4833
6020
1042
8295
7911
13202
999
1186
5237
4058
5583
852
8550
775
10339
12428
7860
323
4809
13893
9791
13235
3734
13177
6757
3940
944
9547
1590
6128
13215
5817
2907
1105
328
3112
2556
7403
5732
7779
13480
5386
8104
8551
6249
648
1272
13159
13654
11936
6973
8513
3650
8712
3094
11111
12677
8465
106
531
10252
2924
5349
5591
1781
12434
4022
9138
231
9503
107
8523
12455
10765
7138
3965
10551
7720
1614
8447
10610
12376
4490
7119
9274
2530
616
8307
7578
11736
10844
9764
6909
10499
11361
8001
1494
8255
10390
1827
13492
9014
5848
8822
435
6025
7101
8084
2666
3279
1348
10972
9202
9012
2453
217
3347
1684
3036
4306
808
13742
7890
6869
668
12642
3779
1172
4262
8937
1090
3789
3627
11350
11760
1329
7685
3602
1315
10150
6634
5728
4504
11390
994
506
12215
7546
13433
5727
10456
746
10685
716
12644
7098
12355
10703
5965
11364
9810
11160
1639
9460
3621
4746
11363
2918
10862
4384
1842
9474
13720
286
13075
7621
4886
13285
1207
3057
3528
4731
6895
12795
4727
10541
10476
6286
1530
12447
4511
8403
4762
2621
9130
13115
6381
1040
6588
2487
9277
7356
5444
12352
7962
1392
9370
11273
11300
1837
9978
1787
3461
5315
11971
5154
10255
2708
7236
492
8254
10496
8840
5823
1855
1919
8303
4883
7712
2937
1634
13309
10132
3234
8413
12162
8444
7652
9404
6024
13762
7328
6995
9728
976
404
11042
7602
8148
207
5989
2697
9244
10632
11207
8866
6483
7102
6586
9812
5515
10332
10671
6252
11661
7165
2267
9867
4787
13864
9390
6031
1063
4430
8381
5138
4533
2897
10642
3334
2581
1712
12908
11169
3135
12144
2084
6009
5139
5719
49
9698
9220
9113
2635
1945
4101
9401
4279
12619
10074
3797
7135
6539
10615
8034
4563
2040
4876
9674
539
12703
1345
2217
10519
7511
9827
7278
4703
6403
12298
9070
5312
12971
8757
7771
13050
8507
6400
8977
6854
13143
724
7955
9765
1353
8395
7807
614
5387
7695
7488
4353
10686
9696
7866
7337
71
12752
3769
8696
399
8208
7631
832
8054
2173
13140
13095
7692
6822
6896
684
13405
7620
12102
2097
6540
7720
4455
11137
12779
5043
5746
7326
7952
10365
4747
3680
5958
2760
6114
4668
1972
3206
2458
6305
4284
6199
8880
2812
1852
7384
7419
4576
7965
8173
2003
7458
3464
12221
11955
13860
5649
9648
6174
2062
13476
13710
12883
12865
6785
11526
10328
6960
8900
7777
656
12415
7848
13992
7781
11847
9552
1601
5865
3425
1672
2586
9461
12534
11835
6794
10042
11149
13334
13010
244
739
8803
4235
7681
1376
11913
8583
8032
8630
12359
7958
12605
12990
10571
2866
574
13688
3834
851
12780
5906
12299
4188
8081
12181
7588
4246
5861
4141
6967
12299
2787
3696
10799
3982
5052
1299
887
12102
7397
11491
2835
8497
3863
8077
2498
4973
5139
13929
5232
8999
1771
8034
9440
7199
767
1942
2873
3285
10820
6636
12645
10043
8940
1462
1402
12730
11153
10915
12460
4394
12313
330
9362
13778
11169
3600
4701
8007
610
11425
13928
3865
10588
5833
3818
443
10807
3444
1135
13303
8952
7875
6520
501
10695
9451
916
3982
10988
8465
826
13777
2028
13817
12293
5542
240
7770
1013
5552
12652
2492
8589
13672
5481
11507
3589
10588
4906
43
3827
9247
940
5665
5147
3060
8136
8777
12629
9511
11664
6906
11060
629
13218
7638
2780
6719
10397
10589
1538
113
6989
5471
4642
11550
41
693
4934
9180
3514
4806
5776
3120
1525
13747
10595
65
1124
3521
9592
8795
371
6403
842
5704
8757
5338
7231
7516
1689
9706
9519
2051
1631
8979
13233
1605
9508
8929
3432
1901
12097
13963
8405
12059
13625
4387
12586
3852
3794
12461
9112
12754
4215
4282
8753
1525
1555
5259
1894
3338
13802
7028
7176
8155
5253
13911
4593
2794
10983
7935
4939
7782
2141
11317
12089
7369
1264
13276
9657
5089
531
7735
8814
11800
11138
13630
972
8741
5091
13065
4963
7308
7591
1638
13174
6811
6190
1639
5868
3764
4817
8786
10310
12676
2621
9923
3389
1083
8956
6726
2892
11895
7302
8764
1856
4818
218
10080
13859
3301
5966
5805
203
9530
5663
3662
8717
8909
10083
10255
11589
7173
12378
4944
670
7793
12358
13803
13735
7003
1390
3182
6254
1728
13177
9933
2388
4802
12456
2296
469
995
5259
8738
6817
2285
263
285
7634
1988
12395
11202
10351
3166
7360
6729
11036
2217
6429
10296
4375
9135
10735
314
6023
10100
11800
13341
2187
3388
3122
7487
10474
5705
7423
3153
11195
7339
4253
13344
10900
8521
4450
4261
75
7878
8299
13805
3168
10309
1009
3624
12359
7780
10818
13322
5239
3405
4831
8342
12478
1397
8436
9321
9880
4927
5158
10631
8399
3584
9579
12685
8249
13806
10453
13444
11095
273
10240
2383
2861
12431
10306
10829
5588
109
11623
13486
7637
10583
9498
8866
8902
1808
13789
8916
7945
13330
3137
11456
693
1537
9176
2564
2113
3297
11
4632
3830
2878
3186
13608
6980
9897
1268
4866
2096
9108
4134
241
2556
11719
8869
8504
8795
13200
12397
5931
8179
9376
7519
12206
3131
1773
12108
10554
8052
4935
12801
6135
5526
11700
207
5226
4919
6503
1469
6717
1654
13457
8332
13366
4180
996
10823
11580
8867
6064
10304
6368
8957
1182
181
7978
569
9586
11524
3301
11858
13611
891
755
11875
3305
13704
1254
9338
3412
869
9515
4498
13571
11038
12292
9968
7125
48
10964
6199
9906
12266
10167
1907
13788
4262
4545
683
6153
481
11966
2749
520
2357
1239
141
12708
11232
6304
692
2581
13362
6481
6025
12122
102
1172
7667
5764
8635
3513
9497
2151
7122
353
11437
6632
12932
1564
494
5370
152
5065
9341
6649
10475
3950
10620
8070
9879
12228
10053
9127
1670
7609
13492
3858
5854
4171
4014
6817
2885
4357
3071
10074
1982
1245
4965
11516
2229
13199
5771
6241
10798
2760
6735
5266
6306
9974
4897
12355
3959
4137
6368
7733
12183
12583
11265
5293
7737
9132
11271
1571
11393
13211
2309
4638
6873
10649
10530
6937
10160
501
2355
12037
12215
3587
5636
8469
3654
4795
1423
11448
2184
1840
11705
76
5224
9420
6462
8906
13399
537
9084
4885
3816
8189
9421
12329
4167
7506
13225
10631
2244
10443
8765
9015
5473
5599
10576
4756
6575
5377
4698
6194
124
8613
7086
1297
5026
4440
12084
1916
1605
9883
10558
4995
10034
3133
8364
3441
10922
13370
2357
8019
12844
9462
5401
94
8881
598
3269
12037
8994
2464
12047
5727
339
892
5108
13901
2418
5967
3498
6294
10718
224
3672
7692
1361
2681
3258
11077
13696
2631
273
1609
3942
3640
13061
5075
10402
12097
10486
8441
8328
5875
9290
2681
5621
9024
6634
6478
1344
4726
10985
3323
11156
6992
6161
10983
3353
3274
7068
1275
6199
3097
12461
4909
1947
10483
10467
11351
11312
8346
2588
1443
4091
5434
4322
4134
7044
6984
12645
2717
12666
3365
6089
4984
10696
4905
5456
13961
12641
12632
13174
13958
9090
7665
6832
6284
7811
6090
10809
1565
11968
8023
9838
2682
13328
3309
7413
2580
11786
3448
9782
12298
1434
4218
9965
8391
12939
1298
8594
7151
13179
2639
7748
2325
5500
7813
10311
10932
2021
3872
9729
13812
12803
10877
12556
8084
7603
10634
4811
4446
7090
10283
7240
2082
3994
10101
9275
6636
11759
9411
8488
13454
1061
3851
3997
6928
12124
2261
9283
8165
4759
8605
13638
13738
5809
12900
81
9763
7548
11758
5819
1395
197
6232
7813
8434
6349
13487
1944
743
1819
2397
3869
13831
3380
8720
6143
7092
1018
13675
8636
9513
5882
7726
12009
512
13561
9342
7469
7230
9203
13044
13560
12380
9843
13419
8789
8809
4338
13307
7417
9843
5958
9103
5307
13460
6791
11604
5121
3109
10966
4549
6970
8999
8946
10328
10495
1814
7353
4099
11897
406
6795
13724
8280
8432
7709
6901
1066
2749
3511
10427
8816
7906
8420
4102
6397
12805
1818
6381
505
11131
638
4067
13389
5315
13493
7582
10122
10083
2250
5208
8828
8735
6251
5547
2209
6670
8809
11847
3749
10317
12292
10836
3000
1266
1227
1176
1882
7202
21
4746
8947
5776
5036
3953
3813
3767
11068
13153
8381
4126
6464
13570
6650
10312
2990
10758
10076
6013
4250
6675
9857
4423
6650
2323
10679
8845
5147
1318
11012
5156
8041
12670
6362
9279
13485
11612
618
7174
11381
356
12545
9901
7715
7900
2918
2349
7052
5819
2100
4568
886
11437
4838
11283
8669
7538
1062
3211
9831
8172
6130
6926
8025
5207
3696
1537
5733
2928
3447
9524
11997
10013
11133
8023
167
950
6201
10182
12682
4479
6143
5450
10373
6118
7741
247
3551
13599
9090
716
8056
4796
9079
13490
9031
3213
7916
5054
5185
12374
10827
789
9506
12430
5365
54
10757
1076
9012
6965
3421
3892
3940
7270
10345
9943
13280
6404
9341
7960
527
401
3893
6391
4085
342
7992
13689
1166
951
4267
7880
13990
12
488
10061
3483
8860
13320
5782
9802
6927
10215
20
11901
8718
10588
13752
6299
13887
12291
6395
772
7759
7634
11168
6729
5577
11554
10519
11169
3153
8083
8071
9945
1303
12528
10726
498
5307
6825
9842
10843
11620
4736
6703
10741
51
646
7702
7900
4328
11163
1761
2556
8854
12072
10903
1304
6234
12471
5179
4642
1054
10908
10011
12521
2719
844
6532
9404
8366
575
9141
12758
7493
13606
10009
12739
9693
540
8447
1999
6246
6152
9359
13431
12632
6003
6972
3291
11310
372
6527
7629
8637
13877
12292
9671
2341
5117
13631
10550
3207
11119
7741
12871
3223
12779
10749
4591
5030
8751
9879
13066
2036
12997
7608
10404
1376
10339
11281
11155
1488
12260
11598
10391
1703
3057
5577
9167
6265
13233
5128
12161
6061
12570
5236
9472
6262
120
12653
8377
11232
9286
12140
11537
3820
10542
496
6663
1469
2850
1931
7901
3898
10586
6317
2953
6319
3850
6217
2064
3361
10941
11094
3614
6435
5639
12436
10806
8895
3423
5015
10371
6075
2231
5883
142
2830
2203
10414
11307
1748
6844
12952
10093
7172
5437
5597
12828
7015
10914
1220
4178
7148
2611
249
4614
10525
9272
12331
754
11240
7010
5273
5415
11573
8591
1742
10174
1243
7989
11959
3244
10328
11671
10092
9588
13974
7870
10533
13195
601
7288
13941
11256
295
3378
9732
3099
9027
4418
10263
11004
2193
13189
2379
6798
13860
4729
11886
5208
4692
6952
9095
2008
11633
9886
10897
13100
8755
1129
2892
1654
2564
11438
9192
1547
11385
4485
88
5782
6071
3852
1534
6807
11435
3177
8625
4656
9999
12384
1640
13057
600
2179
9943
75
7913
9673
5066
11033
3769
13587
7942
12281
3094
10861
7029
5833
2753
1640
8313
8065
12645
853
10007
361
10739
6771
13103
2405
5821
6691
8400
4469
12586
4490
2575
1126
8862
1180
8861
2404
6397
187
12992
521
10342
9264
4503
11971
11203
9919
2925
13109
4279
11841
10653
7212
7435
9398
1429
7059
4776
11571
3785
78
8884
2088
4728
7057
7317
4131
1895
8626
5120
12330
7540
8541
3684
2168
13962
395
2600
4499
3622
12917
374
7151
13240
11611
11505
10849
6501
2932
11097
9822
11748
6289
2887
11439
6806
12491
1136
5034
7320
10093
2393
7699
8147
5503
3311
7865
13464
9418
2300
10366
485
11267
13529
7326
13854
10787
8062
9117
1862
4220
13591
7641
2083
263
1094
10471
7811
2231
863
10333
13116
8958
4504
6529
3429
8527
12670
10284
6340
2347
6718
5950
2164
6213
246
3321
9444
5358
2257
5065
11655
5447
1546
4244
12642
6964
7215
2092
2955
7779
9536
11246
12451
10785
4114
2099
3671
11462
13102
5905
4856
11569
5267
6567
3423
2920
4078
3746
3698
1416
11187
4067
2765
5125
12259
6633
10511
8463
7987
7377
4287
8497
3646
9524
3424
11648
8568
2624
4547
13476
7575
3169
6593
9784
9483
10408
10574
8223
2635
9806
404
13221
3278
6527
12037
1768
8896
5152
280
13440
11300
1414
4295
9670
3051
7702
7963
8608
7556
6070
920
1671
6014
13873
1468
8933
7089
2451
9538
3444
578
1463
12749
1896
1336
12920
13948
4899
5388
837
4825
7239
6341
9888
3672
1180
8123
5923
10532
1264
219
7427
6147
6631
1882
12419
4527
1512
11049
10229
10933
11226
166
6046
7915
8314
11280
4666
4644
4382
3961
6975
1005
6629
262
79
2039
9958
754
8750
8621
1907
2674
6709
5206
8596
6106
12931
12971
5737
6917
9923
9462
5287
7158
12267
57
10708
2005
104
10171
562
4161
9884
2350
13804
9809
13345
12730
9544
4316
6988
10782
12502
2609
11232
5813
9209
2761
2521
3016
8888
5884
4637
10765
9130
4193
2293
5461
13553
4634
13036
968
5476
1132
4270
980
5788
11129
8090
11375
4796
7073
13278
6637
11749
11329
2146
13471
5969
10315
5907
13682
5471
12442
5464
8634
8191
13425
11427
10466
4721
11586
12777
13551
3853
5784
5188
2833
706
1787
7147
1886
3886
12854
10189
5039
1626
11766
5697
10905
8655
1624
1556
12281
5191
12605
13657
4992
1925
4975
1678
7171
7343
9597
6609
7096
6861
8810
2826
1509
5071
10920
7030
1873
6001
10748
8599
11059
12858
1588
5154
11200
3680
3465
6183
8053
9254
6498
5993
7719
5221
13017
4004
3358
8601
12068
8828
10059
4699
4895
911
10717
12382
6623
6995
4813
1543
6175
6608
741
5101
4914
6677
4576
5668
13664
10884
8883
993
8459
8092
1413
9266
2431
4584
2666
2187
10248
13941
2899
2583
5527
3165
926
2659
4066
7066
1445
12741
12960
4407
8288
7276
10438
12088
11457
13817
608
127
8848
10537
3561
11680
12187
713
13313
3016
12452
6121
8374
3857
1717
12522
1098
4538
2458
11966
6492
2369
1983
12090
3590
7512
9531
9793
4670
9921
1384
879
12821
11415
8296
13286
8771
4723
1116
2891
9456
7634
12350
430
10266
3168
4517
12330
3008
217
2842
5350
11242
10060
1308
4432
10833
7392
9658
10139
1379
3355
10759
9978
11894
13178
4551
7277
12040
8979
10080
3403
2667
9614
2584
12612
4935
3034
1167
9546
2503
7937
3536
9366
7598
1681
1242
11581
6323
7102
4074
3410
5475
7219
12278
906
13249
772
5070
414
1778
6257
4750
2201
11301
15
6082
6819
2435
7984
12069
1921
6453
13638
5939
10876
2357
208
4455
7185
2872
6967
6464
10913
2892
1151
10370
2152
11837
2074
10634
3075
12807
4180
3580
3250
10852
587
3794
11415
13147
2792
1070
11398
4360
10886
7063
10129
12490
4749
1467
3903
4979
2353
7748
10028
2013
10903
375
12220
12967
12501
10683
4585
11450
2528
6703
8691
12149
12971
12045
10860
4647
1578
8122
2783
8879
4578
13429
11197
4144
12252
12882
1910
12048
13625
12122
9165
8067
2187
1181
4404
167
561
2383
13697
388
13046
449
2333
13811
7196
2943
12829
2623
3886
6700
10417
13298
11584
13717
6135
2616
3209
5566
8348
7144
9910
3331
2724
7290
9602
5275
6071
12843
13738
1846
11747
10444
1306
6888
5076
305
7711
7295
4150
2355
3425
13561
6461
11996
1281
7084
97
955
5131
7847
5848
6547
1779
12461
8726
13564
11929
123
2442
232
2062
10526
5201
6555
8489
7760
7966
3279
9754
8140
6087
601
11940
2799
13036
10422
13134
5260
11699
3361
98
8937
8385
12705
9542
1949
10723
5900
1994
9984
2379
6499
9815
180
10686
6839
9370
4341
2594
8755
9271
6825
5862
9066
1125
9907
9392
13602
1270
13624
934
8391
12924
10954
7250
6247
2107
716
4106
6225
5502
11482
12899
10677
1193
2260
2192
13162
6980
3670
4480
9362
7896
4138
4222
2041
2052
13124
10231
8287
13819
3544
4862
10509
11351
4148
7584
13353
4909
10217
1980
6430
8985
3583
3595
1081
1165
5556
13243
2672
11635
7034
13253
11718
13410
1886
11874
5445
6406
1570
3907
7479
2401
2984
2003
12466
4422
11235
13222
7762
10273
2681
13963
12938
1280
10462
3845
1434
3230
7757
3427
6460
1315
5504
1978
7599
2306
2654
5811
13417
11431
9930
393
8179
3279
8569
4081
11730
304
5440
9732
8623
9833
11994
6203
10681
3184
7611
2908
8095
7791
2533
11504
3972
11982
4815
11165
10699
2973
8730
11910
7306
125
1059
5293
5039
11271
13360
13743
10677
7704
10987
10286
4705
11758
2901
1261
11534
1503
11413
2711
11297
8363
9182
7640
2090
8039
8619
1683
9774
1887
3456
972
156
3305
11749
8405
170
5726
6987
4456
7074
1032
5176
7167
9042
3657
3399
8959
7424
1636
339
11072
11114
7421
4203
7788
4025
7101
8068
3038
4058
1658
11226
7592
6770
13535
10325
1171
7018
8935
11372
8736
2830
12555
3094
12481
8291
12404
12972
10115
7606
7797
11135
7715
5164
6511
13956
2943
342
8173
11057
150
5363
7257
2660
12042
8200
4250
3138
3508
5395
1872
2397
3065
9641
61
3512
13185
666
10280
4352
11490
1089
4656
4375
3090
2050
6959
2977
5248
11976
13609
9568
4234
9028
2978
7610
12415
9369
2662
10788
6575
3073
5349
11651
4140
9064
5613
12897
10689
2643
9557
9192
9762
1394
2633
8059
8085
12198
10150
10500
6019
9252
2803
9412
6083
944
3206
1725
11804
343
5988
7486
4399
12889
4862
2772
11841
128
12983
11931
11194
11553
9668
2652
13719
13983
558
13365
8825
7093
679
12710
11942
7339
11706
2388
5994
1316
9631
11120
9118
1570
3158
5682
5323
10007
147
7100
136
8674
635
2856
3662
1635
11983
3241
6605
4299
10847
5026
4422
11243
8428
574
10452
5744
6234
5657
10628
6964
9727
3710
4605
11200
10520
13096
8161
11842
238
10631
13960
9160
9291
12287
5102
11259
8354
13988
2061
1716
6103
1137
7050
1944
1845
13962
1631
6648
845
10760
6162
1860
5427
8106
4526
12742
2680
4260
7334
9212
11429
8865
7524
4698
851
4848
13177
6871
1584
8141
1351
6587
11181
13473
7306
3246
13636
2106
5505
4634
10164
2212
5831
8159
13504
4900
1458
591
1352
5461
13957
7275
11711
13202
2593
8091
11274
7685
10675
2910
12039
8417
4406
1437
3218
6987
8753
8879
8377
8957
8563
13696
11438
12993
13908
5183
14
3114
6920
7674
7280
702
9633
4387
1493
12348
8474
8530
4347
11071
4205
11462
2605
9819
9212
4155
11133
2535
4578
5107
9606
10
11590
9564
6906
2194
11131
10887
6700
13472
7550
10286
6058
4142
326
13606
7229
2658
2909
3078
12321
9545
12049
4909
5574
13908
2964
9979
13788
13408
6317
9867
8011
9838
8577
8260
12409
12924
2941
11583
2250
3484
4582
8077
10815
4832
10251
9829
10661
4501
11394
2686
11487
1152
12004
8632
6794
3757
6703
1606
4221
9019
2129
9646
6159
10025
6871
4920
4665
1182
2027
2494
8197
5777
3580
5789
7658
5484
12325
10574
8419
2491
3768
5865
11866
4586
3897
13210
3815
5350
6161
1355
8997
6932
5023
11188
9389
3320
4594
3177
4907
8387
6351
3348
882
4948
12338
7906
9393
7851
12303
12794
190
1156
3454
9390
1666
2509
13944
7523
13136
10393
13381
11745
13403
4408
2455
9170
3363
289
492
11199
5778
3602
3205
2888
1359
13871
3689
5640
575
8210
8228
9944
8609
12804
13932
5220
4992
4286
358
394
2053
13473
7208
12875
5678
12250
2657
5045
3721
6211
7917
12094
3594
462
6064
207
12716
8214
4786
701
1344
9875
7370
6988
8671
5624
4459
13111
7505
12710
12478
13011
5548
8014
9803
8769
4177
6958
9682
12040
11214
2374
9395
6168
12234
2068
8268
2982
8983
12546
8462
4699
11441
5801
4009
5067
12969
13958
143
1808
692
4502
5014
12975
966
11428
13237
507
8924
9129
7327
6646
13648
2001
2756
2536
8077
5755
9808
7810
9812
9433
7531
9820
10184
12074
6411
8610
4209
1121
350
6554
10880
8423
9273
11690
312
2174
8692
13092
1706
10352
10349
11696
9864
5932
10351
11316
11087
9237
2518
12036
1786
9906
6136
2368
1901
4636
3879
6646
13333
4010
5098
1667
10895
10813
13653
3209
8625
6351
10225
9020
13221
6023
3478
3974
12763
6767
8853
911
11343
10243
11503
8180
5611
10170
11109
8264
9449
7928
5679
5543
10593
3238
10474
11658
6358
11684
7465
3323
8933
0
936
10003
12935
1651
4745
4521
691
3796
32
6287
881
13433
9950
12066
3430
2500
418
8682
5956
804
9884
9990
5496
598
2939
914
5225
8530
10768
6383
1871
10066
4721
11569
9660
861
11511
5898
12782
11376
11474
10232
9958
10885
4809
10295
5260
12323
288
2749
6073
203
10828
6705
13868
5359
2281
12290
1005
7501
12261
6612
7241
288
12679
11915
259
5560
13590
10421
3763
3609
1932
11758
2814
8259
5727
11815
372
1598
2155
5316
4203
9737
1200
6279
1078
2306
84
11148
2202
7203
11624
6692
10850
9093
9245
6153
8186
11892
4213
252
11118
3122
1293
4769
10025
7103
3176
10939
7052
13917
11974
779
3057
12222
9707
5768
4995
1491
9018
6627
6940
689
8802
6688
13666
12225
1630
8600
1745
12456
2206
1106
11444
9458
8474
5523
8541
1436
10865
1602
3851
1332
12131
9704
13057
168
10482
11245
5503
11639
13128
4437
12086
2286
8472
3559
3068
7662
9894
5705
12187
7101
11989
8335
2123
429
9887
7075
8673
1110
1443
8471
10847
3526
1729
13629
1009
2306
3198
2075
649
3891
7396
13848
6557
7364
10959
6448
8022
12800
976
7808
6833
9864
4726
3966
6310
10727
6622
8707
5245
660
4889
6830
9133
8904
8493
12758
2580
8089
128
2788
8422
10407
5880
8680
9938
3569
8403
12602
4286
1136
4402
13997
12570
5880
12074
6630
13141
8662
10406
10197
13965
5427
3918
10135
9143
225
8438
9099
10644
11118
4482
8658
11076
4754
4351
11734
5979
7406
3270
2871
6612
10111
3674
11724
2566
9800
9843
328
13858
4617
3182
1672
279
5797
11291
5986
6566
4044
7379
345
5813
1024
11199
7133
1690
3435
6647
4331
2486
11657
6311
7611
10109
11261
13720
9241
4869
6541
1807
8224
5864
11214
7791
5129
1974
11963
3246
2120
6672
8923
1759
10517
878
5275
7190
6340
13706
6542
10560
10331
12447
1687
11415
2312
10569
11984
2684
4812
3724
4984
10987
5904
1119
10192
11454
10830
2812
4154
12327
5674
6660
12039
3489
11583
12761
4059
10644
13571
13793
4233
7592
9467
13507
6856
6188
4006
2663
7569
4084
4261
634
5296
4528
9826
9456
11093
12840
5849
8690
1133
12319
6158
8754
13133
8367
12807
7421
10687
12702
11993
13126
10310
2834
11195
3919
13554
4531
9989
8356
5689
13963
6216
13894
3301
8294
10500
9237
10085
8579
5434
923
477
6446
5713
8143
13945
8729
4665
12904
6988
6434
11567
11218
10226
254
6542
7804
8367
649
386
8973
369
7521
7324
11553
207
4085
5573
1423
9181
1159
4405
724
6977
6720
13959
13333
5844
8586
8965
11381
3708
13211
7478
9927
11728
12199
11693
3040
11877
4701
12875
13619
865
12676
4421
9200
3615
13649
13598
4893
1757
202
10596
8877
9092
2878
7896
12722
6614
10729
8776
6992
681
12687
6663
11496
865
9410
9038
5486
3923
828
13459
657
13715
11361
2680
11353
13640
5128
5306
6805
9259
5080
2689
264
2702
5192
11586
13040
11212
3093
11486
9147
4817
12
3732
1340
8996
6508
5396
6033
12648
13224
9046
10632
3292
3061
13552
13091
9673
11679
12812
13304
3716
11872
1585
6178
2115
13945
72
12668
10858
5807
4797
6878
869
9926
367
12646
13204
10308
12453
7831
9366
6321
7319
5827
6795
1915
8059
12407
1538
2741
8794
8157
954
9154
7945
10742
13040
3284
3595
10604
11034
5799
3488
4223
12608
10268
7314
4363
11734
10494
1302
4008
10131
7942
11942
7393
13230
7224
12142
3054
13014
4561
12581
13240
2490
11514
9459
3286
7615
9928
4662
915
12944
6361
11108
6961
10990
6695
13457
12472
12674
9268
7476
11896
5749
3034
3956
8093
2881
4866
13360
1928
10667
1172
8113
3519
4027
12567
12662
7986
13026
5940
8371
12895
9133
10435
10095
1808
4798
7293
3283
6610
1505
13039
5315
12022
4404
8474
11229
7762
584
6110
3784
4221
13518
403
6958
6240
5232
10846
9312
3800
10525
13672
2956
9453
3816
7531
5217
10285
5709
12741
5415
3037
5409
10799
6316
7460
6012
1777
9963
12893
11242
10620
2454
6792
13244
7461
9463
1183
6010
11617
11623
2743
218
2928
11837
9915
10941
9909
2332
6687
912
6803
359
8104
7018
9598
6299
9946
6354
305
5271
1317
3143
5130
6865
1971
4267
292
12861
5235
5278
3197
13652
12968
611
11819
6229
13778
4986
12314
6346
4648
10466
5966
12778
8397
1164
4387
4110
7800
10361
7488
8361
7081
3867
4889
463
7657
9406
3528
153
3013
9332
6984
11824
11362
7015
1279
3870
10439
1624
9134
3072
1984
3273
2274
2176
2150
4664
7655
3380
79
12012
13308
2493
577
10299
11627
11087
4558
13966
13222
3947
10162
7371
11491
3067
9888
6195
3217
4833
8069
6746
2557
3370
6365
5580
9395
4040
5305
11220
10569
13375
2001
4952
10594
3828
7179
13417
12834
7499
267
10541
3490
6026
6386
5066
8924
10061
10315
10606
225
10680
12081
6348
11070
11835
76
8421
9834
1718
2441
10552
7629
2112
4147
2614
9776
9397
5191
4259
8916
13519
13152
1254
13638
2831
540
1731
8123
6260
7646
9936
7891
3712
11762
13144
2381
2789
587
5340
11129
3612
6696
11147
7889
5732
4236
12332
8193
358
11128
1918
13817
1988
12361
5460
13820
4175
1454
11033
13638
13163
5052
2015
7823
10267
12583
2325
7962
1368
357
8842
1147
6667
5529
5399
13119
12355
4368
4235
8807
5242
13898
9544
3372
94
607
7738
10330
2422
7372
6963
8577
6992
1889
8518
12479
4321
12317
9313
8397
1178
1490
11959
11383
4242
3322
3888
13243
7055
11859
3236
5324
13007
12895
5464
1903
4332
10448
13473
10378
920
8264
4395
1816
10079
2969
8516
6396
5629
7343
10330
11740
8547
6553
11654
9918
3457
7584
13067
13523
4208
13847
1479
7534
6449
10094
12758
1325
1770
11514
13075
9276
5403
9906
4269
7997
5813
1898
10563
8097
2797
11097
9988
319
11937
13398
11601
406
856
9661
11803
6392
8502
12236
13419
8804
11164
7553
7938
12512
10850
12358
13897
10644
7352
13425
9402
3901
4522
12442
103
271
6350
12233
6316
2339
5523
4498
3456
13703
12757
888
4141
12485
8485
7343
1787
5481
8783
75
9738
3424
7472
8322
1111
13938
1213
7306
9455
5785
9132
4105
10356
9030
6275
2679
10296
481
5676
12265
9912
4607
81
3686
10047
588
1441
11446
3666
9099
8372
10293
2473
10707
11514
3405
13038
10387
3919
13288
9353
4887
3467
9214
9327
3054
4165
11114
12542
12450
6901
8189
7321
12193
8342
6326
6535
10853
2018
12631
2960
13009
10310
10217
7950
4140
10150
9871
7293
3005
865
6321
8898
5914
4645
4667
11788
9154
7661
4140
12415
11270
12974
9808
9303
3454
2006
4245
9762
13148
7242
12094
4524
170
11436
7483
2507
728
9939
800
7866
6787
13435
4558
11569
9634
12260
10490
8634
6912
6457
8672
11989
9360
2047
12571
5694
7717
11514
6782
10628
7945
245
10078
4802
1358
8467
10365
10992
11805
3013
11770
4214
12803
4733
5305
12512
1052
10227
4397
13725
429
9329
12131
534
6815
12211
12841
13928
3058
2146
2572
9942
3468
9707
3596
10565
13760
10816
3181
6602
9276
636
8419
10312
12663
12600
6322
2715
263
8066
8047
6863
9555
9360
2016
11977
6554
2139
9737
9579
1878
13033
10822
11678
4911
5652
7797
2318
7927
5474
2530
1514
11275
5680
6218
13519
6872
2289
5357
1660
10167
4093
4041
11943
9199
909
2296
5741
6547
2523
12981
7227
2878
11601
5660
891
620
12760
5764
13497
1357
10569
2271
6355
5891
3758
2603
13256
7769
11801
3208
12395
10712
370
11612
746
13569
105
428
12066
12567
2680
4215
11787
10080
6512
1946
7225
9310
3751
10329
11672
10629
10014
12122
3017
2239
2964
5241
1962
9298
5066
13542
7135
162
9029
7454
9278
6740
7181
12889
8850
3683
3872
13540
4545
5951
1226
9789
7209
3512
2273
13909
4051
2667
9085
8499
12063
1321
11930
7169
4344
2324
12847
10774
7107
5563
13547
5111
5383
4085
5223
10989
6512
12438
9908
12035
1079
840
11397
13611
726
12064
7146
10712
3842
4280
5452
1414
30
13148
12798
7149
10783
12825
3285
10738
12924
13980
3147
8132
2456
5936
6918
776
11998
5725
782
10464
9262
12970
2192
4556
2284
10269
4964
811
1420
3822
6674
12364
13234
3752
1564
343
8178
13346
10979
1734
11855
10292
10391
3940
3421
714
224
5128
7119
6680
12399
11783
6589
216
4819
5044
3205
9378
5672
2227
7910
12368
3993
8124
3492
10296
9541
10574
10218
12405
13882
7724
5175
2952
4997
7756
11002
6402
12564
6557
2110
11099
5823
1662
8448
9114
1810
7659
1941
1478
10101
6284
9771
11664
12805
11237
9820
13755
3890
11079
5613
10639
4435
4562
12935
11072
1387
4604
5056
10441
10045
5884
8611
13927
233
6320
13528
6886
1595
11585
424
2611
13280
3584
12097
1916
12232
6157
11881
6605
465
3845
9073
4758
2706
7360
11125
8755
5044
11406
4904
12825
7144
11331
7975
4573
11638
6747
6598
11853
6957
6163
4324
5495
4437
13331
8690
7528
10561
11977
12396
11402
8249
1090
9871
13871
9719
12024
4383
11176
12416
4807
13365
7628
11490
8958
9132
10594
6163
1063
750
3798
11740
6228
7617
13155
6842
10946
10085
107
8816
10775
10668
4150
2186
302
10144
10723
9393
5868
6355
3922
1825
6543
127
245
1113
13475
5160
8612
4771
1601
4356
6937
4796
6070
4330
1896
5117
3728
1407
8293
7847
4463
6525
7606
7061
13088
8300
9850
8710
1400
9806
7700
1084
6067
11735
11181
3020
3301
1011
10609
891
1787
887
13277
4682
1898
13090
9756
173
13240
11027
3889
12670
3904
3548
2195
4672
7438
1166
3694
8931
3363
5361
11690
2250
9766
3402
91
11583
5226
2324
4257
10475
11000
4617
10484
9326
1753
722
1940
6456
6374
5123
3377
10132
1805
8022
2794
470
5063
2457
10869
967
497
4180
11588
12812
9877
701
6593
6551
6078
7104
13997
11801
6848
6662
5559
5666
1284
5954
13070
12627
10201
1282
5263
11513
4708
6310
13991
9017
9696
8037
2527
4146
6070
4706
37
1760
8380
8909
5704
10517
1878
629
13401
4514
3812
5588
1568
439
7345
5
1323
7107
13440
4467
13482
3099
1767
13883
7965
5063
2971
3335
5965
4017
10497
13677
644
11580
12002
7757
5114
8738
13532
12671
12756
13478
5055
4550
7175
5661
3658
5919
12509
11548
600
4716
13620
6537
13243
642
1609
6536
9463
7552
8171
11459
6550
12476
281
11710
8340
13382
9239
8640
909
2991
9342
9504
12011
7961
2570
6289
3820
2224
10716
2343
13358
2924
9731
12310
7182
4575
3223
420
11491
12220
2225
9698
8171
6251
13549
9665
232
8567
2929
9051
8316
8568
8445
10675
8404
463
340
9528
9854
1136
6760
3634
11069
12733
1583
854
13704
5777
13624
8967
9688
12535
11524
6094
10572
6702
12163
8973
9061
11163
13158
7096
3489
6384
10810
4995
11074
2574
4786
6829
4378
13519
1342
5532
12112
6174
4296
6871
7380
6980
3897
11509
1498
11724
4679
9244
5147
36
11105
10223
11493
639
8624
13382
10398
2912
9584
7088
1621
7956
5651
8312
10863
7439
11519
8686
1875
1255
6586
4087
8371
12844
6403
12986
1554
3556
1647
12460
12127
7139
5317
5952
12248
11060
6836
5812
174
7676
12495
6968
11382
9480
6152
10609
8406
11060
6745
2986
3630
13753
7443
6030
3403
3069
9959
4895
1906
1618
4160
7358
180
12704
9090
6949
13997
9070
7524
4778
4363
11375
444
4328
4974
13390
6681
4613
8589
1376
6360
868
10849
13092
3259
9240
7381
3886
5191
1593
13407
6657
4465
11297
3732
10206
8938
1306
13398
6144
3349
2776
13551
1249
5015
1135
7134
7809
8201
871
4066
6032
10825
10632
7589
11000
13361
3969
8196
8781
10087
11556
10008
7712
9226
882
3866
4679
9473
9258
2659
4143
8836
814
7649
12576
3233
8103
3961
1530
6120
5832
12244
13572
4473
1947
8250
8174
2998
6544
10704
11726
6925
13719
1092
11391
13010
5325
5528
5789
3310
11643
9029
13919
8148
4273
13671
10687
9751
11519
9326
9060
428
5764
6789
7222
4234
6964
13464
10734
10066
4581
8383
1426
10978
7551
13959
7709
6517
2001
1484
2742
3750
4547
6632
9722
5599
919
5555
3789
6435
12873
6743
8229
8366
8783
7825
949
2704
1912
4082
2090
6309
10054
12981
12740
12716
198
8269
3746
13336
6637
6933
9690
9020
11904
78
3351
11816
13027
4170
4889
565
9288
12243
287
5620
8026
6746
13815
11916
12199
3611
4307
6581
83
4571
12049
3740
7958
13879
6052
10396
13387
2839
9925
1988
13011
8327
3487
1627
7772
1409
3613
13983
560
4200
8859
1117
10053
11184
3210
9842
13618
8848
11986
4512
10294
12363
4106
4341
11033
13649
4381
6147
1433
693
5807
12062
12259
512
2980
5445
13138
10320
277
13375
3783
12183
13628
11041
4810
12407
378
111
3659
7050
2059
10533
6389
6989
11170
223
12833
32
10956
9898
656
5577
6536
8965
5571
1387
12194
10145
4528
6090
2215
3455
7610
7711
6033
11685
11626
3001
9159
3799
3458
6945
5371
6001
7950
12787
13835
13179
3223
1083
283
7075
805
13899
7678
1042
6794
7974
9988
1569
12998
12273
10551
2095
2514
6232
4505
9782
10013
10649
9133
5179
2942
12229
7208
10126
7459
4303
5877
7946
1555
13943
9147
12610
12083
10899
3126
3558
11753
8328
13435
5717
10534
7288
12199
1564
13028
1102
5217
2982
1411
955
13816
11456
3985
2905
11588
11249
13713
12451
11602
6557
9615
4994
11455
13796
4113
3438
3229
316
9597
8487
6538
140
10146
3997
11776
2395
8271
3053
9782
9143
12573
7969
746
2116
3192
9505
3649
9662
1872
6498
8941
10455
12630
12071
2771
5460
786
11587
190
6573
79
7511
12910
6828
4286
4472
6148
2290
12884
1861
11730
11539
1104
7123
2165
8636
9979
12970
6822
2410
3630
4599
5670
6637
7820
9675
13408
7883
9104
2669
5963
12887
3568
245
1255
1084
1025
6302
11326
4332
858
4703
2032
1094
2250
8328
8683
5578
1612
5126
4836
5873
7213
9481
8166
12844
11422
8510
1751
8765
3973
2618
6890
10953
4223
9758
9363
7505
12241
6062
11388
1329
1840
8398
1033
8335
13744
9118
1927
11981
254
5098
4660
13764
3044
765
6223
8234
9853
1389
13599
7992
13700
9721
13639
11815
3835
11982
7356
7585
136
8775
11984
3600
8309
3104
13166
6604
1270
6936
3584
646
8357
10117
629
13037
4423
5228
12566
7812
1765
7422
13086
1964
7176
8145
3361
11700
3583
3366
33
889
2872
5401
2676
5428
12779
7195
7497
10707
3258
2812
9945
7651
6757
3160
12632
1004
11625
5751
1157
895
1778
13215
7772
6643
3061
11880
5782
6371
8372
6608
12173
2304
247
9708
3218
9571
13050
638
3942
10824
9143
9538
4465
12017
3740
7116
13845
10869
10303
330
7083
2594
5387
10847
10877
6289
12786
5890
10438
1182
6891
11376
11538
12530
8959
12724
2513
8595
2060
2273
585
10149
705
8319
5864
2390
1251
9561
7010
12305
5752
11993
1399
4386
6879
12508
5442
10226
11770
10729
3956
9614
195
12876
5415
13188
10911
8178
3732
10906
7374
5480
386
13712
12530
10642
9764
1657
7034
12861
5972
7792
8755
10983
236
10904
13012
8267
13702
5630
11440
6575
6398
10217
4234
6398
10507
8380
1596
11021
13285
8711
8864
1042
9032
1961
2331
8570
4731
4059
2665
239
5507
13637
4635
1147
10382
9606
8477
6515
3620
2273
7493
1928
10904
2719
4390
5837
13017
11655
4639
8175
8694
6864
9140
9897
1165
6958
11987
9366
8998
12688
7612
5817
2391
5049
7605
4178
3025
4580
3930
6235
2011
12103
13793
11831
4072
9365
7929
10513
8705
4285
113
2758
7871
3188
12951
1012
7720
13593
5801
8804
13224
5653
2219
1205
7039
6479
4709
294
663
8651
752
5865
9477
13660
3449
6591
12487
6674
6236
242
12247
1577
11187
3364
10755
5192
7348
10021
9842
7256
5025
11799
58
299
2774
3429
1878
458
2679
5133
8514
7704
1366
4503
5872
11810
4168
2187
429
10799
8720
13035
11818
1312
10222
12619
4241
2979
1628
9267
10522
6282
5209
4455
3885
3331
11185
726
9674
6593
4179
10383
6982
11581
11523
676
4302
10711
8422
2000
2691
6732
12023
8639
7128
7206
13873
2035
6643
6973
3450
3895
8645
4344
13515
10955
4056
7478
5233
10830
1961
4217
11595
12877
8417
9461
11653
7619
3599
7657
11144
7011
9823
2047
12801
13131
4337
3253
11893
5964
3663
5595
7156
2488
11538
2869
5239
9032
8547
4737
2211
13986
8009
3329
8723
7642
7078
150
10404
5860
7924
9096
143
10590
7405
11650
1323
10062
2198
12318
13789
8123
2795
10516
9524
1278
8377
1208
13881
5066
9876
2438
5864
6367
988
12560
12557
1495
11627
11486
2882
3127
7909
10152
10396
487
12117
10671
4293
4394
7411
1447
11046
13340
11973
3538
3798
6157
3941
2784
11470
5113
12820
9529
10970
3028
4392
6150
9027
4719
7340
5492
1768
7442
10018
6136
525
83
3182
1828
246
10470
8219
8011
3873
3248
5890
7199
13435
2270
5618
4322
4597
3738
9172
7133
10546
7704
10969
8893
8863
11842
3674
10310
12605
691
6066
9044
12183
13309
307
7137
703
2850
175
4605
8198
11921
9959
7981
4800
12976
3004
4323
8459
6089
5024
13848
3095
6858
12917
12251
4349
6725
2380
5199
4704
8108
4419
3284
12027
3339
6809
3224
8433
1124
2598
12876
11049
5075
10881
7942
7561
1633
13993
5017
11645
1431
9786
636
10873
6855
4970
11767
2220
3576
3863
6683
12489
12743
3531
5754
6417
301
1622
3758
11415
9493
6309
10269
11564
7289
12270
102
6735
5363
171
5408
13565
1261
5917
10409
9602
11935
7276
6432
12360
13460
10648
7530
4075
138
12058
4945
13823
11153
7849
11
2530
6408
603
4469
10758
4283
1955
3663
11419
3261
3551
7167
2192
13805
6522
1425
9855
6938
13718
2038
10166
4654
8450
3498
67
7954
12372
11345
11737
13240
8515
12780
5252
6138
11026
5935
3811
11150
7474
8388
3936
5789
7720
13556
2069
1397
9694
9511
7742
8126
593
10045
12246
7711
11779
5349
7331
8226
1580
9455
488
13134
5704
12318
5185
2306
8285
7633
740
525
12600
2461
3542
4742
11578
6230
4896
6181
2718
4365
11760
10586
2580
10442
10596
8858
5904
10752
3602
2371
318
5103
1347
7182
9339
9744
4472
9786
13621
11634
10020
11188
9912
3713
9732
12988
7901
2920
7995
8028
10848
9256
9686
13267
8099
6053
12063
3125
5590
6144
9421
3647
5972
10187
2280
4919
4145
9983
10969
10010
710
9447
11760
3653
2132
235
7501
13331
4653
3663
8401
13156
9373
13822
13680
11676
12276
455
3563
207
6894
6840
1585
3890
11055
4272
5506
11602
13841
10341
5195
5118
8111
1903
7753
8517
9268
9715
8875
12823
12234
1966
558
5483
1111
6626
4340
4443
1982
8028
6860
12581
608
13212
11850
5739
968
2462
7785
6910
5001
4178
820
8668
5611
58
12380
3599
12005
11467
12743
3047
5146
8108
997
8917
13577
1145
6517
2857
11237
2437
1084
1186
10693
1796
7554
6254
5519
7101
9843
1851
95
13541
9026
12165
8126
11621
10473
3259
4234
13008
4177
3150
12877
7981
10805
13801
4066
9720
9676
12858
8730
7278
9008
4493
13527
6101
10941
11567
10115
9838
13500
10066
2688
7504
13315
6528
2770
13766
2700
9820
9931
32
6987
11359
10612
12465
12048
7207
4127
945
12762
1037
12470
3767
9129
11286
7135
1170
9942
4121
80
2962
7758
10467
3870
8708
11698
608
2562
7516
3592
13734
2193
10400
5023
9644
3307
12886
12681
2019
8489
1191
2116
12090
7262
2952
5686
2851
955
4746
4121
1863
3104
2842
12075
4135
5888
9706
6266
5893
3007
3789
66
459
9583
8651
4305
6416
12916
12306
4475
6184
12903
1076
9884
3675
12036
9551
4848
935
5027
6592
4840
13215
4066
8950
7185
2565
8921
8369
7800
5208
3567
1391
3640
13571
11222
4963
8573
3257
9192
9046
12106
5981
10165
5126
7194
1098
1662
7168
1544
10938
10591
9593
5466
2695
264
2992
13934
6725
6561
11290
5025
13687
7383
11214
13203
11998
5341
8632
8867
4740
4116
7825
266
10328
1671
13426
6433
848
3534
10896
2787
2891
849
8235
10710
11941
10471
12132
13119
5542
8254
8739
792
9544
1716
9113
1342
11347
11438
3710
920
2297
9446
1841
8737
9284
8992
3200
4761
9343
653
7785
5733
11645
4442
8316
11711
6142
820
7513
11596
13747
8005
87
5162
6193
2111
12618
2187
9270
10944
6863
513
7114
5432
8904
12834
12850
13435
4080
8981
5048
8147
12609
11266
10016
4370
13555
8997
12190
12581
572
12363
8621
10455
11218
11718
1554
8192
13080
5375
12104
2907
1082
9201
1392
5770
7117
4361
4588
9890
5024
4000
10203
9432
3521
2946
5895
3596
13207
3096
13548
12755
2004
1881
11974
10900
12846
2595
7382
1571
9350
11782
7389
3375
4435
298
10579
7155
10620
3670
4823
11493
3913
9239
12434
6082
10360
13725
13830
8916
4633
5228
10787
10612
6045
10915
12055
573
3895
9664
2837
6931
6235
12130
2042
6610
6099
6955
1708
13989
13637
5920
8273
2270
6465
10546
13010
5684
11326
10919
5919
13241
10540
4404
3828
12673
10738
3158
6818
10492
652
7289
10504
3051
5629
8065
9810
12683
10596
10799
11312
5686
4258
9787
12787
6770
503
9568
2528
11351
5565
10074
674
7634
8997
4724
12629
3809
10673
8804
1751
1571
9738
8859
698
6987
13139
13641
8412
13130
8501
9486
13558
4400
1490
1440
12156
5818
1443
11330
2786
11854
11907
11589
11804
318
11408
11740
8058
2969
9579
7244
11987
9735
11976
9053
12162
13090
13452
7170
13391
8251
3187
12453
9882
6835
266
6583
8879
12275
7292
9560
6611
8850
6427
9075
2358
3292
9810
13489
10801
9224
5630
1210
290
13971
4909
8983
2855
1253
4678
7403
232
7488
159
5553
245
116
12153
585
10607
137
8449
2417
5906
2659
9453
11344
7930
101
9848
4335
8395
3883
6411
149
763
9419
10098
7203
11891
8111
11833
12749
13391
5774
11678
11033
9407
6069
12345
13140
10210
5058
3198
7378
4797
766
3852
9762
2203
141
11456
2701
6052
3804
11144
673
9064
3494
4049
12138
7700
10963
2441
13374
9654
6705
9954
9178
11530
7948
2771
10419
11664
8504
8443
13142
3059
4154
1746
840
4931
12040
8484
6799
12896
6569
6245
1813
6734
9560
1555
3758
13413
11590
6384
7358
6759
8694
13145
9812
6026
10850
297
3780
10622
3166
5363
4015
11067
5609
4790
3117
3102
1480
6796
2701
2021
3174
5010
2125
781
9601
11625
13535
13473
1831
9546
1176
5053
7238
3204
4349
11749
26
11662
64
7322
7482
2089
4876
5347
2755
9452
2601
13800
12550
644
5296
7656
7454
8916
8944
11738
5614
11975
5052
10420
701
2877
7157
8531
9610
7343
4883
12504
8249
8197
1069
536
6489
3027
5406
12959
7932
7769
10066
9975
13436
3628
8115
10346
6900
5174
934
2303
11884
1378
9565
159
2791
3707
7620
8052
7045
2477
7994
5023
13459
8489
12151
12038
13136
2547
9398
6368
1593
10440
5280
7993
5242
688
13896
13891
10547
7510
3897
10540
7255
8296
6691
6428
7490
2594
8433
932
8131
1405
6949
9704
6524
5540
8786
12601
821
2982
11723
3537
3914
247
6724
2258
1678
4200
9667
10236
1474
6700
3184
1972
13495
12840
9331
491
854
1956
6590
12842
10959
7931
10054
4100
4667
3525
12805
10915
13644
5020
4473
8203
553
3886
4881
8941
9599
13906
11471
4224
6880
3187
7235
5805
9842
8249
7788
13741
5791
4749
11933
1090
7272
1870
3219
11985
285
3904
3873
4041
1705
45
7208
13570
104
6531
6764
11941
11264
5050
5201
8093
3888
2423
5146
3270
335
8754
10333
2338
3568
4747
13554
10872
11846
9780
3563
5631
8844
168
5385
13327
10380
3916
7889
4943
8164
12381
8589
6212
2729
2922
11326
12787
11739
10856
6825
10176
10642
6236
652
13566
3331
12206
8167
12345
4032
3685
10426
10528
7731
941
9021
12935
3907
13835
1996
9658
4830
3633
8310
12356
7133
978
1344
517
11626
10797
3690
1871
2483
13480
7213
2555
8206
793
6564
6179
10454
8343
2240
586
6449
7460
1600
9953
5266
11544
13074
8349
6320
518
4044
12308
294
12224
6113
4142
13510
13433
153
9735
5050
3930
1092
1098
9304
649
8593
11627
12074
11763
11933
4506
13114
4533
10392
11921
965
9992
6549
12091
11245
13548
2354
13225
11530
6201
10800
12908
3162
3752
5527
2297
10907
11769
10653
11694
3295
10665
2553
8987
13141
9483
9973
1045
7082
1225
8478
835
2235
10798
1442
5690
4380
4979
10331
6885
3592
2277
2288
9903
1122
5653
10088
571
11099
8896
11979
13798
11633
13640
9139
8246
6096
11802
6291
7686
686
12293
1316
999
7860
10779
7402
1450
12458
9429
5542
1384
11727
12441
239
3004
3635
13179
1255
12120
7245
3918
2573
13898
4204
13883
4833
12960
284
4393
12728
9515
3120
5435
4807
3348
2435
7241
3185
6194
5614
6741
13363
13822
11919
1158
714
13599
3551
2187
13808
12448
11279
865
1732
2201
12078
9880
6028
4316
13518
9299
5847
12941
3534
7314
12680
6800
8562
2531
1918
5224
3834
6537
8595
7412
12109
2588
9426
10505
8096
3154
11096
1786
6125
5992
4041
13538
8851
501
13359
5138
13978
6329
1435
2110
5717
2357
2450
13746
6324
12049
4381
6157
13480
3185
7388
8830
4774
4437
9083
347
5493
2756
3765
1650
10599
12774
8254
3437
10040
4831
9773
10804
10837
13195
12857
12179
1615
2202
2166
2215
497
5317
13393
13991
6682
3649
442
11464
10157
13669
2400
140
1197
10638
6892
10621
4632
8101
11565
13992
9676
6546
9113
597
5233
9594
12719
6300
2966
346
9416
12400
13467
12859
4612
7056
9111
12623
5911
5524
11363
13187
9378
6384
5962
9983
5631
11622
13067
11612
3563
279
11652
9100
8255
13065
4188
7042
3700
11729
129
11124
6949
6613
10568
12804
848
1325
4302
147
10850
3515
5510
4315
12590
7088
11349
5424
8837
2735
11057
2587
11288
3234
1508
102
414
8323
10080
12349
5209
9773
5809
5439
1502
8762
8121
3503
216
7006
5428
13826
4638
7549
3684
7541
8796
8995
9658
5232
12244
4109
7053
1212
5035
2756
672
9105
9000
5989
13002
12398
10347
725
13623
11119
10789
8688
6341
8027
6477
13839
13285
9104
13781
11909
1726
5490
10074
605
9112
6717
5179
4273
7169
589
9614
1567
10772
4859
5396
7856
6353
3942
684
12674
12388
7410
9332
4440
10755
6838
5690
433
7912
5749
3139
3129
11784
9066
544
4053
2345
10561
7553
2677
6131
1264
1819
5533
10998
13575
7447
10520
7373
1115
3252
11457
11543
8396
5546
7031
3771
4962
3082
4038
426
8514
1030
2664
899
13056
7530
12806
10125
10318
3104
4229
3738
3118
8662
5890
53
3933
12218
7803
1914
12060
13610
7861
2825
2994
2350
13979
7269
2623
13724
6215
1949
1859
476
5898
13050
6563
3757
10318
12808
179
1828
3036
5381
2806
1990
4994
4875
13671
10271
3395
3407
9626
4393
3106
11540
5483
1008
1225
4197
13996
6483
7112
10779
5360
5741
4724
8624
11314
9877
13861
5056
9758
9852
2085
12010
6114
5775
1095
4151
12380
6271
5788
12886
7044
9073
10515
7535
12472
1138
4457
1533
9294
8185
2951
9924
9995
13967
12923
6139
4131
5692
22
5842
6842
326
7128
3460
4223
84
9398
7470
4155
1938
4958
12566
1999
9506
8719
12054
8792
9200
1119
13557
1584
5618
4895
4110
2895
980
7941
10186
10069
12191
7114
4637
69
11468
2823
5288
13597
4109
8046
3216
10373
4237
7320
303
372
12378
8123
11658
4238
5225
9113
5763
181
7600
9067
2354
13750
1689
12703
11034
13595
12101
4654
11840
6732
11168
4495
5665
4566
8471
4474
13495
9957
1178
7065
3582
1702
6591
10162
6684
7300
3161
11120
13993
6539
13671
4738
12874
2
2515
2738
4078
913
6881
1282
2915
1211
13413
6922
5014
7097
6557
833
9298
2306
8692
2111
4087
11166
6857
13202
10047
11973
5536
13401
6755
760
12689
1127
10101
5940
3740
299
13145
11195
3015
3336
7707
9430
10048
12725
13855
11305
7039
13247
4649
1782
6357
4111
3971
789
6990
13515
8523
11086
11613
239
8221
7067
11960
5177
2920
6834
1064
13826
4720
9536
332
12809
9057
2253
4619
3871
10787
1616
2641
6812
509
6143
10747
10269
12023
7871
666
10754
10374
9979
1705
2865
8559
8439
12694
8788
8805
989
1900
801
1838
10893
11462
4920
4988
7282
11262
3973
12401
62
3934
9624
1160
13823
13361
6548
229
1620
2610
3921
1233
7943
1140
7436
4662
11776
10617
613
11279
7416
10508
12518
10017
13491
9511
6436
2652
1075
4563
7239
13564
1813
10359
2753
11947
9436
10592
4243
13801
5325
7860
7840
13665
7947
325
5165
252
1974
13348
3077
2224
3453
3799
7187
7505
12398
4441
4760
3863
8838
9020
1559
495
8945
3809
4044
6787
7660
11824
11100
2409
5159
3545
10122
11434
3646
11824
12693
9484
9331
6383
7425
6515
10093
8592
5908
3135
7041
5331
8865
8656
4380
1871
5770
12970
10032
4328
10058
6903
13169
12533
9410
3997
7383
7902
12131
598
5871
9825
7512
4961
5397
2479
8532
7709
7856
9020
10377
8004
12082
5260
13652
1933
10499
2107
10049
5485
3854
6325
11981
9128
11947
9222
657
11364
12988
12590
9580
5894
11911
6522
5885
13948
5937
1684
3213
8784
3914
10057
6304
5029
2718
11156
9004
206
3338
12715
9350
6461
6015
13663
7418
8803
3733
9552
9067
1599
5635
13115
1598
3988
9583
13455
5764
3796
5901
13919
1634
931
13931
2152
243
11786
10449
1205
5063
4622
1448
3323
12542
2139
4312
6121
6059
662
3465
9552
3113
5877
7993
12315
10705
13251
161
8980
876
6319
8938
13113
11581
1800
3515
10415
4515
9045
4339
12259
5672
3939
5797
4960
5002
128
9074
11706
4669
11426
10003
9642
8594
3298
10222
34
13114
5023
13480
6974
7897
2443
403
8974
11016
1345
2031
8301
7143
11989
12906
12048
8371
7373
7672
5073
2896
4740
11327
9262
725
9523
2162
3379
6649
1148
8615
7673
7542
10936
10289
13791
9319
2886
10138
7157
3993
11831
11171
2242
10357
1977
6123
4865
6832
7185
1560
9935
1755
6467
315
9907
3940
965
2573
7457
10043
1427
4924
6336
605
4928
12744
5032
12835
13279
13981
2046
128
12551
13399
3319
11975
12396
1367
3150
6177
13786
9345
3793
12273
7103
9001
13924
11520
12009
10937
5016
8661
9693
8523
2009
9362
13731
8260
6940
13961
12293
13587
8239
13372
3197
2290
13571
5894
2942
1590
9423
12364
1460
4056
8934
12621
2045
1313
12304
3009
7217
3679
11950
11961
1602
8249
6332
3982
5858
1767
6245
6238
8710
9819
794
3031
6307
468
7266
4993
9753
8334
11763
2238
1061
145
8339
9794
4679
10662
13905
883
13152
13514
10812
53
8175
13190
3606
5993
6362
5250
8297
4246
10077
8637
10189
6623
813
3943
10478
6632
13529
5957
1185
12688
3880
9787
11208
6447
10109
639
2395
8019
5475
8073
5341
7371
2816
10354
4259
2707
4898
1372
9875
13732
8385
8811
4312
5460
2664
3463
5284
5693
2945
9918
8824
2792
13771
11138
4992
11409
11826
1991
13904
12438
1427
5704
3813
6603
6805
1016
5868
8298
4748
5386
3199
8134
10388
1589
332
9890
8051
9120
8819
11861
8156
3876
4869
9151
3118
11811
4235
5190
1337
1748
7513
10305
9437
12547
1059
1359
1765
478
10907
7612
12502
5484
6216
6936
8515
11643
7723
52
9686
9930
12763
13897
4972
4831
5397
4935
13006
6017
8605
4777
10399
521
9804
10938
3030
7582
4221
12522
4536
3054
663
8677
2732
6003
6707
10251
10393
10297
8656
2131
16
3014
12041
4054
10742
1103
13662
8441
5323
8952
9836
11376
12503
5602
10750
1498
13637
6925
7274
6746
6813
10824
2739
11872
3402
9486
2381
11329
266
6680
775
9415
1482
11020
11982
13667
13305
8655
5697
7291
9404
7135
8503
3421
6811
12903
7657
3645
6219
743
3908
3782
4544
1377
12965
6852
6248
4249
1683
136
1934
9820
13273
4988
10075
4456
11824
10841
10980
12811
9311
5253
3593
1487
3093
12222
8051
10043
13577
13982
3376
1777
2910
8258
12389
2059
3436
1228
8737
6896
5519
3631
297
9862
9603
13641
193
12903
7243
1115
10235
10926
11995
5356
606
13440
509
11946
12522
1342
3210
8335
6313
4220
1622
8441
11013
3553
8261
10417
3652
6336
6358
5018
13729
5192
12937
9669
12358
13144
3457
2392
201
12753
13721
8180
10671
13842
3130
13297
387
11540
2442
2182
2989
4236
12555
4112
6717
6665
12511
2888
11371
6298
4022
437
4179
11529
10560
7256
9647
3088
3682
11912
872
7014
9047
4131
2347
8008
7272
13792
11356
179
9991
10183
10928
6266
8058
10675
6279
10664
9500
6298
13483
787
1042
6328
8054
9582
10522
12152
6723
7526
10335
6170
11780
13731
2651
852
8623
13855
11798
791
1963
1858
13420
12344
4074
11676
8074
11322
6215
10242
13550
1098
7030
1685
9105
4078
8803
8467
2219
9839
2445
6817
6086
5025
13160
5723
2473
3091
10164
6301
4197
5082
2771
3952
13048
13581
11074
11006
6689
6244
723
4878
13544
10847
5264
6099
1991
2404
4350
2993
3013
5516
5566
13862
4746
8091
4070
4205
10010
970
10617
12296
4143
4585
13510
9327
9520
1991
13636
7552
3675
10267
22
10734
6814
10984
158
9126
4878
11473
3460
9285
11381
1761
828
12566
2053
12248
11772
796
3032
9869
9110
12150
7294
10733
6359
6057
5341
22
10301
1331
727
7781
267
10000
9697
6597
11465
3296
6986
402
13511
4752
5337
13212
254
853
2989
6038
3439
10611
3878
1563
10712
4937
10313
11528
415
12489
13246
13798
7184
12205
7045
4855
1829
4504
6782
2822
8241
1300
12423
3281
8253
11384
10728
7062
2773
8604
3731
13186
7072
8147
3466
6633
12702
11659
3108
8789
11778
10004
5276
8060
4316
8841
1451
13304
6542
5240
9682
539
5876
7981
11044
2984
5268
1323
8785
1698
7777
1474
2566
6655
5835
750
3981
9531
7318
9142
8005
10061
7476
8979
5535
5438
4805
11492
1703
225
11722
9450
1167
13796
7040
10058
6098
4544
2859
7850
10493
1422
7592
2043
9193
5663
2109
13959
12286
2101
6149
22
12518
13581
11193
10022
4261
12050
11534
6190
2585
8423
1084
1925
11258
787
4320
13098
13037
10233
7987
10411
13827
4697
11592
7057
10716
