1901
5918
2579
8866
5200
4959
2374
3132
830
2756
6858
940
2893
7016
55
3248
7471
3823
6499
3152
4898
8609
5283
8290
2666
5089
7097
8136
780
3717
2000
6265
8579
6914
1281
1699
4173
431
8582
7930
7381
5836
2874
105
4185
4439
5967
888
2684
8312
6479
1928
5094
8091
4780
7472
7584
2922
4844
632
264
6200
3466
4405
770
2147
8380
8217
297
190
3477
8304
7093
2443
5533
8452
2858
8438
57
4750
1386
172
5597
7577
2586
5634
5717
1835
3677
4498
1214
7742
1130
1317
6827
6388
4328
6890
5527
7826
2406
3918
7543
7717
7862
2183
5796
2831
3234
698
7735
5682
940
3145
1183
4092
4098
4692
5876
8335
585
1601
1015
221
8621
4633
8574
2040
677
1857
7779
1900
3514
5691
5445
2367
742
1807
5108
2988
6963
569
912
6897
4159
25
5575
8059
7823
2977
5687
4493
1048
8170
6979
3424
8993
511
8791
7594
6878
1369
6398
7220
161
1195
4197
2028
2581
3100
646
3952
5891
5239
7644
3722
4992
5994
1434
5976
6526
6729
2113
6254
5043
6453
7490
1379
5830
8055
1217
2241
3342
3563
1725
5352
4453
1106
7008
4741
7317
3765
2103
6528
7996
3955
657
8668
2707
2930
1026
6123
1468
4385
4641
883
3625
4427
5937
6140
5120
1401
5522
6897
7818
6659
6574
6690
5210
595
7949
8436
723
6203
855
8008
1518
3726
6250
7832
2926
667
7092
6255
4599
7707
5215
4901
8713
7439
975
2741
3032
3763
7747
4445
6576
6837
5369
6639
1105
4669
7498
6878
3295
2484
33
4425
3337
3542
202
8766
7356
3805
4802
5530
3149
7844
8818
5891
6224
5014
5264
8184
5234
2975
7472
8637
8264
3105
1312
6552
2297
276
6426
3067
3800
1133
8518
6592
6852
5320
6978
4071
6533
2201
5627
912
5427
2062
114
5885
4177
3400
541
249
6911
6175
164
4744
524
8814
4811
4132
67
8577
4855
2042
1242
5941
261
1254
6743
7353
2355
3469
3203
5330
8872
3081
2671
7785
3678
4338
7517
6233
657
580
5851
6520
2545
3217
52
1239
4673
8979
199
2345
2100
6866
8817
1816
8513
1156
1107
538
6776
3651
3335
1578
5482
6179
3002
1486
5959
3062
2969
2683
6707
6801
7010
2558
5807
8750
2634
1571
2653
4409
5621
1282
1825
1110
4585
5553
5961
7812
2444
4269
2919
5429
3394
2402
264
255
6871
1239
4087
1958
2618
2435
254
5910
6285
3320
8891
5274
7120
425
8860
4078
8664
5353
7896
5822
7815
423
4281
2072
4174
5937
5770
3117
5360
232
6081
1712
264
1776
2899
7648
6724
6999
4992
4546
6485
1980
314
8873
6198
2856
949
1663
5407
2092
8829
7748
1268
944
8479
5069
4523
6883
7840
7351
7170
3567
1932
133
7535
6502
7558
213
7504
7693
4871
4382
7228
8826
7484
1782
3782
3712
2105
3290
3979
70
594
5997
8901
5525
8659
7569
6973
2109
5947
5796
6118
522
2109
3049
8545
6933
7369
2848
2747
3651
5899
2278
491
5869
4453
8698
5216
1645
2747
1090
5349
1703
6156
2356
2754
5158
8808
6322
7347
3284
8638
5903
6968
1252
2001
5047
5354
4249
7003
920
3339
8694
6107
1656
5510
8973
7377
4003
7364
8094
2710
5008
6538
2240
2156
5542
2325
4588
3114
245
5390
4965
4371
4539
3319
1331
39
4089
1074
1828
4412
5762
8433
4382
8219
963
7604
2689
6816
7225
1252
3975
4426
5025
5455
6985
7555
2810
6700
218
8462
3787
8553
4769
7965
8811
6650
5531
6334
800
6861
1356
3180
1327
5394
7408
5972
1821
175
5239
1054
2488
3985
8288
46
1077
2632
3788
4227
3129
5445
2947
7731
6969
3562
488
5204
3507
1641
1832
4816
3338
7639
1270
1306
4651
6275
1291
2437
8907
2119
1032
7926
6465
7559
8830
1210
956
4075
8951
218
5638
5869
4390
8261
3718
8205
7275
2231
5690
6076
7183
5012
3896
717
8086
3685
3271
1571
8529
2647
3193
3919
31
1191
1655
4684
8531
3603
2867
4340
926
529
3504
3033
6476
7129
2117
4602
5358
7174
272
8613
6261
1943
6393
2624
1223
2779
1728
4848
6951
5390
905
2356
5253
8345
5935
4315
813
8456
7162
6827
8768
580
7221
7865
2635
5210
6267
7513
7765
7241
2103
7797
4461
6820
7138
1564
2087
4327
1184
5543
3304
8865
5691
6218
3439
7331
1652
8714
587
1020
5693
1435
6192
390
1463
5294
8074
4127
5397
1768
8124
8382
7372
5653
3474
6627
7415
5844
4279
636
3863
4332
5774
4635
391
4293
7774
3918
4168
6217
1869
8808
4095
8937
3030
7493
829
1019
1194
7360
4769
8343
1133
2544
8396
1974
741
7801
5718
6525
6339
7197
1964
1856
3404
4928
3999
3969
2680
7778
1259
1605
8311
7950
3700
1268
2557
2272
2058
3888
7938
645
3773
7677
310
1320
2639
3209
8982
8197
4071
7490
1756
417
7804
2985
4442
7292
8015
1078
4269
3572
2082
576
6325
7019
174
4553
8839
1602
5047
1650
4430
1949
8052
6914
3764
6832
1929
7601
1019
6052
4277
7179
5855
7438
4121
7477
607
7758
384
6064
588
5675
3911
155
4376
4194
6919
6424
1900
6919
4150
2749
4572
8670
4127
2939
7646
7062
2885
7174
8227
15
8602
6835
5678
883
4152
3367
1354
8182
2511
1666
7709
8862
8206
2656
929
8601
1419
2923
977
8320
5357
3818
757
64
7786
6419
2015
6204
5710
4712
3724
8510
792
3178
3877
5019
561
7816
555
6362
6630
3202
8029
984
4148
3572
4590
1625
3651
1228
2253
3576
6888
2312
7662
5245
1407
6799
2274
5818
4093
4861
944
8047
8138
6994
7442
5196
8340
3356
2713
6063
8111
8028
2190
462
1247
2024
4818
2476
6803
4217
7470
4359
1074
1211
1435
1695
229
681
4226
6810
6171
174
2480
4632
1586
7553
8172
4348
8233
841
1954
4848
6933
3317
982
729
3575
2411
6329
5865
7106
5923
2732
1582
7045
1824
2815
6995
5908
3804
3969
2138
6304
1532
1655
6756
3608
3048
4869
8424
7289
8612
4083
6685
7299
3129
2650
2538
1135
7429
5187
2257
1967
8820
149
6346
3353
1516
8814
3323
1354
5566
8958
3497
1941
6255
5960
790
2882
340
8500
3199
3638
4462
8059
3804
4416
2130
5683
8279
1776
8364
6839
6918
788
1564
8240
7292
7523
1432
1825
7410
1713
5156
4621
2290
578
4560
3600
2216
631
6814
4409
4190
5316
7853
6633
4223
337
6364
4971
799
3223
3157
2660
3847
4872
3511
8421
8897
4550
4535
7869
5263
2322
3525
1792
2612
459
8991
861
1705
7961
6531
6732
1532
4227
8257
7089
1955
7327
3640
2861
1328
7874
6291
6636
5183
1735
7357
717
7244
3171
7545
2551
7713
5416
7319
477
1650
3497
1202
306
2089
7969
6249
6938
7739
498
6914
7053
4231
6958
4114
6230
7573
635
1262
629
5224
1513
5996
7326
1803
6185
7466
5205
1787
26
5400
2217
6398
3453
2123
6930
1714
4381
2947
700
5375
1250
4556
8828
2135
4252
5742
6041
5791
6615
8015
367
530
7769
43
5713
3946
1733
720
7712
8207
2592
7000
5341
1989
8040
391
6288
6173
5679
8337
8863
5579
2419
4515
1619
4390
6575
7392
7615
2699
8517
8016
8276
4395
3435
7452
4561
8295
8794
8969
2438
6099
2082
2958
5669
3850
1575
6971
1424
2447
3928
1859
2597
3820
4698
7639
6976
2242
6795
6733
4218
5852
6381
8383
3568
3676
7638
6507
747
6057
934
4104
4889
3466
2781
6834
6282
939
2929
4452
7705
1839
5390
8525
2955
320
7688
3045
8002
6412
5067
7225
5813
7236
806
5991
1253
6580
6614
1800
1749
5818
8908
7307
4370
5773
1009
7261
750
4177
5504
7162
675
8865
4998
480
5274
3557
1078
3439
7892
1644
5543
8038
6899
4788
7602
4081
4280
4833
4492
4583
1338
3989
5131
657
4456
5023
6297
6324
454
4687
479
2033
36
8644
5184
8334
6638
6355
5091
26
1989
3673
7998
4545
8628
4449
4976
8112
5475
1230
5221
4680
5507
5223
1917
4592
2790
3233
3868
7533
831
5299
5865
7957
5585
1679
8660
8351
3142
3936
634
1055
1676
4053
4736
8211
7127
8252
1897
1980
6273
7428
3555
3169
7443
3307
3193
1012
4415
2743
2783
1514
5035
7113
7830
8486
7973
1621
1903
2252
16
4622
2997
328
3348
6881
2587
8181
2637
698
4793
7769
468
3971
5853
1361
382
523
289
8734
1594
5856
7126
4569
3026
2388
2660
4956
7084
5833
5328
8185
2741
7684
2932
8777
8711
301
7721
6554
2369
4825
3582
4543
6573
68
4615
6756
2664
5555
5149
2748
2861
6219
4090
1102
4055
1351
6528
3231
2
5814
53
5834
5718
2484
2626
3928
5348
3819
4167
4489
793
5470
6701
2849
1842
6486
5143
216
1202
27
4147
5794
6938
6403
3841
719
553
1004
2889
6369
479
709
3681
1548
6058
5143
7691
1179
6894
3872
8246
7465
2015
6536
3337
4413
2345
6208
1033
3640
423
1073
561
4208
3598
1406
954
5525
8699
8178
6963
730
4280
4569
3706
4618
1890
7710
4163
4074
6087
5347
4567
3931
215
5205
8553
5074
3594
6795
38
3769
8736
7184
6476
3767
2605
2866
7058
5860
1701
4603
6323
6364
3635
8043
3047
3688
4727
4811
6628
2333
5929
486
1772
7686
6892
2598
2659
5821
791
11
8891
37
8407
4621
6775
7314
3478
4483
1983
7900
410
8631
3796
6064
5644
7404
2933
3791
4276
6559
5377
1937
233
2164
5736
5829
89
303
5023
8020
1354
8352
1091
6654
7657
599
1327
1030
3605
1466
3083
4506
4642
5985
6013
8890
3195
1162
861
2401
5569
1717
284
3281
7753
7010
5815
1621
1665
6491
2897
1417
1233
4420
5668
4675
8739
4695
5085
7511
4039
4891
4983
7350
2295
6738
6003
2548
6275
3969
8449
8127
5897
1498
4351
4754
1765
3706
7380
7914
4268
1872
7518
3938
639
4239
2803
4746
5232
204
7829
6048
1773
3698
8265
7385
8322
2919
1374
4362
408
4073
5517
3453
3849
5645
7230
7732
2484
4096
630
8563
3561
2912
4188
515
1574
8477
818
3450
7212
898
1815
5141
4043
8153
6304
8065
1578
2149
31
3362
6236
6630
7873
8534
7630
1103
7544
3651
1396
2858
486
5333
4688
5207
1891
8956
3147
6512
1960
1288
8681
7865
1943
8461
691
7377
1906
8578
8218
2007
2954
5515
5876
6322
5732
1362
5634
5873
827
2619
1856
3536
4032
1888
4812
4638
628
4817
536
156
4356
3702
6176
6586
8011
168
2085
433
4704
3507
1122
8194
6917
6177
2746
5085
5887
3782
5451
4598
1952
1101
5959
1801
169
7203
5229
5516
5504
7640
5346
6643
1132
3297
1250
8865
3169
5228
8469
7773
701
1728
8543
3775
4331
7112
6554
296
7545
7379
7289
5117
4693
877
786
7534
8688
2729
2840
2453
3559
8240
6585
8153
2566
3787
8635
3933
1910
2951
8274
5427
7120
3212
190
291
6634
5447
4917
5785
2520
1537
868
4217
7262
4475
2414
5981
3172
824
6974
2783
4060
4671
7937
7506
4061
6254
1944
3878
2813
7404
2152
1721
8305
4862
1565
4653
1011
154
3491
7103
4321
1242
1998
8447
807
7002
639
6426
4489
691
6754
363
5267
7370
7662
5828
4107
3859
3228
307
8443
2393
453
5982
7829
8315
7858
8773
8520
652
8055
3416
4196
1581
3688
3465
7539
4618
2029
2343
5234
6288
6614
436
7489
3340
6304
3828
8320
1038
1834
6450
480
2599
4967
4168
4135
1759
5579
6804
2702
6838
318
446
1141
4663
3523
1044
6804
123
4402
6122
124
678
8101
5626
4509
5463
6361
3351
980
5278
1569
3873
462
1206
7782
2754
2310
4725
2983
4842
5244
8459
5206
6153
5403
2724
3869
8895
1914
3384
1368
1120
1974
4118
5638
3473
7834
4682
3391
4217
3662
3277
3355
5168
1788
2470
3528
5019
5582
3165
1055
3257
897
7319
8647
240
6364
3742
3889
6213
2685
8521
3717
307
4483
4947
5698
3448
6658
6051
8045
6648
5407
1773
7459
2157
4304
1948
8339
7865
163
6224
6177
2474
8193
5424
3062
1031
7104
8613
5446
274
1312
3406
6830
1281
1307
2842
104
8090
6987
4900
8078
1079
5997
5323
3063
6208
5952
3884
5328
4182
4006
3266
261
771
8442
7130
2701
3323
2386
6642
146
3475
6746
984
6470
924
8357
4420
8634
4266
3524
6612
7669
2985
4706
2368
7566
6621
7614
711
7464
1670
8898
2587
6197
5198
6357
7383
1836
2300
1704
998
5399
8518
5197
2734
454
4920
7934
7395
1217
3772
7707
8436
337
66
8216
1643
8520
4444
4077
2915
1702
4074
1992
4093
4438
8540
6362
5164
5924
4191
3787
7508
3708
4221
5857
5290
7362
4176
5449
7482
4171
839
4022
6165
4051
15
7331
5180
3054
73
3590
5111
5104
7978
3985
6814
3151
2658
3549
4200
7000
8074
4711
2018
3734
2930
1514
7752
1860
8529
4873
4098
5486
7119
4898
1896
4543
5815
6894
2808
7637
3288
868
4700
1966
6256
2806
8613
4076
6947
570
2900
7262
2352
4786
8662
7835
2361
235
8368
1093
8992
7168
5733
8282
4468
1846
4585
970
4383
6973
2279
5022
8361
2769
7455
7650
7649
2063
7837
7625
2774
1396
3386
1012
5689
7819
134
8004
7402
6406
2297
6264
2787
212
133
7345
6881
5319
7867
4619
2576
4400
4519
941
592
5762
8282
215
4083
7791
2816
8051
6886
6833
2515
6029
6551
4803
4772
8869
6170
8572
1151
811
6790
2834
1406
1052
4376
26
8945
7377
3880
7280
3911
4095
1257
1509
1690
5749
300
3916
6639
5267
5566
399
66
3509
3556
8272
7378
1365
8061
1801
6821
5261
4818
1268
6066
3245
1864
2267
6543
3495
2269
5441
5745
5132
8454
1732
470
5741
8059
3532
7522
6368
4472
119
3706
3559
7426
6713
6572
7302
5033
2263
6161
2747
5979
4099
8246
8167
8940
5464
1011
3900
5972
4118
7852
4963
1546
5402
2647
496
1454
2375
6497
4825
4983
4385
439
8
2612
3670
8041
2884
3206
1157
8081
2353
773
3966
7505
1081
5223
7079
4675
1543
4200
4004
2033
3503
7411
5772
6056
5543
5177
3578
320
1661
7433
1635
4819
8980
3182
3216
6806
5399
4745
7989
1867
1123
3114
7054
4550
4781
8202
5293
7120
3102
7052
5325
8246
6333
5337
7128
4334
2414
6700
3733
8329
3114
7912
2212
790
206
880
8935
8682
2588
1500
5985
1199
4532
241
7802
6609
2703
3785
1984
5244
4416
1148
4294
4519
2132
5367
6214
6868
4383
3722
5505
2765
4418
5014
4467
6897
7965
4858
7798
3526
8207
8084
5804
3343
1693
6985
8523
5597
2292
4307
1576
2216
6481
8749
8174
5887
7549
8670
2292
5895
557
5932
1840
8430
1926
226
8700
1948
4302
6142
5754
3507
7684
4648
201
7513
4600
8454
3185
110
3315
8057
608
4666
6737
2963
153
7917
2739
8079
7116
1393
5630
1044
1987
2038
5656
2037
688
5694
877
2506
5537
8751
316
3565
8553
1169
3378
6189
1595
2067
635
5746
3307
7217
4949
8775
4993
2950
5359
6852
2029
7485
7751
7687
8059
4763
1486
8895
8015
7728
7027
1145
5236
8619
6696
3177
4973
7106
158
8888
5256
4326
2450
696
739
3816
7423
405
2748
3255
4790
7952
732
2463
5569
2696
7152
5220
7439
6971
3088
5716
8682
2051
7802
687
832
6291
6612
4969
5093
242
6081
3947
1399
6980
3356
930
5731
7883
3987
4404
2549
1164
2744
997
4914
4558
7475
545
4896
328
2712
6982
1317
222
147
503
2131
8876
5818
8558
7989
1420
742
4271
5595
7369
4029
8492
674
1104
8351
787
4774
2680
5742
2403
7161
7047
7332
2297
3660
6169
55
2482
1929
952
8050
7553
5711
8979
2522
2672
1839
3799
3977
815
5101
2214
3395
3361
1876
967
4355
5215
7716
6481
4821
2721
6894
7403
7298
860
2326
3289
4140
4905
4607
1286
1170
139
4605
7166
4020
1633
3534
8412
3513
3613
7181
6867
7437
1636
8971
4291
5662
7473
7563
3762
4245
7562
2032
655
3656
957
6212
7221
7526
8254
82
6447
217
3690
487
4531
8852
23
5757
2696
2358
5807
1833
5651
1431
7056
6365
5322
7141
4611
995
8063
6681
3260
5505
620
7330
3918
5368
8213
3871
3283
3033
6831
3821
7805
4209
4764
2653
1461
1168
2901
1320
7493
431
7527
5872
2281
4100
3219
5843
428
5747
5467
4407
4383
3155
3086
8378
308
1333
3931
8950
7844
5704
3441
1784
6910
5018
6440
292
5874
4505
7519
940
1267
8777
7025
1882
1857
6876
2649
1250
4654
5098
5290
2025
2883
8259
2141
4619
2619
4017
6745
4415
8719
1879
638
5463
7104
5340
5281
8484
6779
1486
3003
15
2012
2138
7069
6563
6960
8873
6695
7855
5793
8824
7427
8970
4633
4395
257
3775
8534
1564
8882
2504
5933
246
7012
6144
50
8687
1024
4222
284
8250
6722
5733
1395
1702
7976
4421
341
8813
738
6675
2967
3424
6491
3911
4845
4281
586
435
7032
6904
1435
5018
2046
1915
1052
6225
1761
8653
6328
5109
1250
222
8010
1032
7901
1896
90
394
4185
3420
8392
5470
7264
3556
2091
4172
7148
6701
9000
5709
1887
329
2677
2620
8409
2175
1471
2913
6957
811
495
2514
4395
8883
5821
7388
7613
2181
8249
8714
1516
6526
1025
6160
2769
4948
2499
407
1536
2979
7380
4580
5817
5539
3503
4089
3796
3955
4389
3241
3444
8552
2429
1562
5858
1104
3796
1957
8773
4993
4907
8959
4812
1711
6757
3747
6601
1127
6686
973
5132
644
5407
4768
6331
8100
8630
2991
5808
5701
4609
5794
4686
3243
8855
6406
3732
7621
1621
5807
4496
2709
2174
7489
2321
6642
3424
7957
6381
7306
3245
7265
8209
7956
7036
5006
6566
2339
5268
1483
2956
3409
1169
3243
5570
2650
2915
4272
2698
8015
7825
8334
3892
630
5704
2981
6697
2662
4495
5304
3576
7078
2776
8678
3714
6364
8681
7114
6046
2453
7246
4303
353
8095
2122
2977
1149
2132
898
628
8585
1962
1000
3671
3564
88
8643
7456
1141
3547
6533
5726
4423
6320
921
7034
4329
2048
7560
2552
6974
1310
5809
4864
8747
2977
3573
1836
3202
3379
394
5874
3734
371
3083
5693
6714
7348
300
4067
2412
1477
5337
5595
1423
8218
1342
7732
735
6183
8478
4569
3043
1963
155
2454
8357
1055
1206
4185
2827
3626
652
1504
3549
4706
4672
4594
8284
8426
4595
3725
4350
6947
2246
549
7953
5671
2243
2740
2330
4172
7142
2039
7325
4893
2478
6334
5803
5173
4555
3512
8877
6208
1485
1509
5996
1027
1009
7329
2339
5862
4253
2746
5182
2818
1315
2109
4030
8415
1232
7809
5228
7071
94
8580
8318
4702
8605
8715
8099
3967
1206
6097
5173
7841
6294
1902
1694
7189
2714
3240
856
7220
3996
4552
6229
223
7682
5817
1785
1782
4696
8770
7928
5558
4932
8307
3654
5535
4829
3974
6125
388
8450
350
2634
5279
4011
537
5862
1042
6095
2232
5197
6316
6361
7588
1770
2906
8204
6370
7541
6685
7651
7784
8015
8541
4596
6898
2925
5630
3124
5032
440
7723
8730
3015
3437
4623
3786
8850
4611
1217
7806
8050
3643
7928
3468
3095
4829
8738
4717
4785
1944
3907
6747
8454
6871
1052
2947
7295
7767
145
689
5686
7824
1953
714
5179
4560
1588
8771
644
1915
4359
8914
6739
1915
7812
4731
3132
5599
4099
8022
390
1766
8009
2594
3987
8529
4733
7430
6509
7440
1520
4858
7050
7132
8063
978
3025
3084
8819
7456
7688
7646
5934
3796
1219
7603
4855
338
5911
438
6393
4417
2403
1847
6809
249
1843
27
4487
687
7228
2747
710
3655
5122
5490
2133
3906
1713
1975
4389
1529
2191
2744
1331
4866
921
1103
1757
7125
2669
3527
4222
8764
7792
5154
2386
8777
2485
8210
532
3812
6122
8413
459
8317
5223
4729
8762
6777
6403
5063
8456
6065
8209
4556
5979
7089
7710
7569
712
4403
2178
6668
8376
205
2705
3228
2520
6431
2659
1764
735
4507
2877
8202
7416
1296
2595
6976
5062
1449
7560
5062
3121
8265
4008
4232
2711
707
7498
8626
285
3354
1235
342
8483
8218
4057
1584
4560
4586
8854
6069
2765
8858
8958
8492
1622
7943
3661
777
24
7085
6935
3860
7123
8402
1027
895
25
1600
2114
786
7818
4899
4908
284
3552
7853
5910
165
4014
1712
7873
3574
4227
1862
5952
6703
2419
1836
3967
8183
6780
5301
425
643
3718
6091
8231
5910
2486
1880
1258
7254
3835
6372
6434
2441
3333
4877
8117
1591
6142
110
8881
8511
74
6336
5200
2334
3186
2591
3352
182
1764
7677
8526
5483
1136
3551
4882
8805
7521
5274
45
6013
2408
2413
8136
806
8728
2875
3563
4821
7781
6930
5680
2603
7615
8819
6952
2523
3835
6337
1335
279
2537
4891
8600
611
5862
6770
1037
1454
3562
3020
4651
4984
7618
6710
2555
5628
8968
8559
6442
7992
2919
324
7460
1459
8185
182
1955
8570
5161
7925
6943
2633
2427
884
3827
5666
1149
649
179
4949
7796
8694
7173
4848
6790
2696
4209
8141
3725
7673
1578
7885
1454
2931
2474
3039
3364
736
6227
4676
8774
7960
4712
6762
1743
5517
5268
5757
4552
1628
910
6237
2807
4874
2547
888
8000
5459
4884
2279
925
8827
367
146
5618
1307
3263
812
3436
4453
1594
4151
7188
7987
5650
4224
7338
4850
3075
8575
208
5666
5755
1359
1115
234
3873
5059
4347
4612
3327
6425
126
7865
6344
5780
7264
5237
3335
4411
3938
2268
6240
7789
5179
8106
1881
3531
4303
6728
6211
6685
282
6502
1037
4679
3024
1601
296
6872
2358
7099
6227
2440
3980
545
5877
8641
7596
5988
1914
2567
6237
7681
7229
8988
3967
4815
1175
2671
1719
6607
3997
5895
8248
7079
2302
7138
3172
1016
6824
3182
5261
8396
8132
8982
6839
8715
1775
5830
2442
5072
8433
357
5694
4389
6724
7349
8795
5118
4204
1824
7542
2833
1861
7820
4952
8445
5778
8116
7700
7232
3423
2327
8310
7517
7687
7055
5925
5673
8306
6390
383
4400
5448
6617
4270
5288
6250
907
7979
5608
451
848
8051
222
4774
6504
3714
7494
8103
2963
2218
4902
7504
1587
4466
5921
3157
6521
288
6201
3462
3954
81
2225
4694
5383
8961
8432
453
5353
4998
7406
636
2555
2962
7630
1103
6289
4730
5332
4004
898
3045
866
589
1132
865
4063
7502
3022
6516
8600
8824
4582
1843
8799
707
4766
4554
4070
1974
5444
8368
8266
8669
7005
5360
427
3863
8747
3902
8533
6602
244
4884
4805
4576
2490
4034
7268
585
3748
6852
7461
6743
3475
1179
7735
637
3942
6196
8176
3971
5041
1697
1910
1970
7771
4718
5095
260
7858
2718
8820
6747
268
8715
8163
1223
1665
3383
345
3646
3869
4754
3796
156
8076
1086
3058
828
6041
8674
79
7213
6935
7521
6037
7987
7606
6046
3101
8420
3560
1576
3827
4627
3071
1181
560
5260
6388
321
3306
8584
6459
5242
1537
3448
7998
8581
8902
2368
3603
3993
3599
3077
2138
4718
4918
6603
7658
1198
1031
6334
7584
1773
6222
2155
6761
8810
1720
2868
5315
7327
5908
8877
3190
3429
5098
8123
2844
5318
5449
4795
7063
8564
1341
903
3740
861
6541
4684
6390
2298
8925
2903
1716
8086
8805
7485
5854
7178
2458
5539
1330
5343
4573
6433
3063
4357
4697
2060
595
1006
4123
4490
7185
2311
3393
0
1735
6469
1520
4806
2207
3520
8881
485
2433
3608
3689
2039
704
4819
7770
6186
4738
433
3611
5445
4536
2636
6255
2089
403
4653
5159
8988
5303
8978
8328
6884
954
7085
8963
2142
3162
741
820
4354
5614
1804
315
3900
6474
8538
1819
3876
7022
2710
7031
2224
8933
5773
6985
8366
1198
1752
6097
6048
3844
7433
4021
5414
1151
7559
5518
5825
2581
3633
160
2231
6903
2509
4796
5601
954
8175
4829
859
7584
4543
795
8927
8475
817
3656
427
2475
5089
7611
4566
4852
4373
6729
8353
6030
555
2782
8974
4011
5712
6613
7622
8133
3219
7009
3695
7214
1835
2657
3668
2662
1289
2129
2956
3938
3026
2391
677
7591
8337
6935
3459
7083
3003
519
1892
3383
7486
8145
8337
3861
7021
7725
8180
1347
6093
956
6516
6990
307
769
5251
2323
5456
1195
2513
386
4237
844
7118
6933
5501
2788
4279
3527
1963
4313
3375
4500
8322
1726
4720
4184
6853
8887
3659
589
8325
2711
2031
1839
2286
4795
1302
1805
7738
8915
3203
4893
594
4862
1248
1323
6300
2520
1343
8601
8494
686
2220
6315
1289
887
3012
2382
1048
6423
1360
7144
4063
4650
5948
115
8487
1142
219
6081
3280
3665
2056
4737
4261
5880
3407
2471
1880
7350
7482
5745
7345
3606
6951
1774
2643
8412
5404
5758
4209
7297
8070
8190
4468
6863
7175
1125
5800
1925
5884
986
7453
7425
8542
2087
4985
4628
5120
791
3140
4569
869
7376
1272
5902
243
6508
6688
4967
2678
4536
8007
6268
7257
4533
5055
3568
6896
7157
7297
5007
5359
6547
8803
7182
3005
7363
4212
3537
5602
7731
7590
8037
369
2318
116
3001
6794
5304
3427
5057
7878
1135
3856
6657
2603
8143
6642
1061
3637
7505
6466
5434
6916
3557
4134
2677
3323
6019
2553
1990
7107
2490
2888
3835
5908
6881
243
5957
6007
5750
8517
5476
551
2048
8352
534
2662
701
2630
2133
5113
152
4303
8462
7109
1458
64
5322
3669
987
3006
3070
4636
6578
5221
4868
1406
3747
7372
1544
442
8960
4439
3216
5854
2649
6409
110
3134
3308
4481
8985
4688
1327
5366
1768
8396
6035
2021
7711
3362
4973
8855
8795
5091
7387
5473
6205
7749
7197
6724
7645
3789
1739
8254
3228
3127
1964
8781
1796
1559
8742
4349
5745
5493
8304
5986
4446
95
2891
2333
708
3913
1448
3560
2409
6930
2881
7840
333
2703
655
8035
4925
750
4426
3785
4386
955
5058
741
6921
4506
4486
7081
5593
8819
3550
6761
8119
7483
6230
2318
5659
1276
8920
921
6946
7979
978
2972
572
6277
3525
3249
4230
7758
4357
1512
3644
1696
1737
7044
189
5614
3741
3177
2583
507
7062
383
2871
639
2746
1493
4027
6494
4414
7143
3618
4631
7240
3676
436
6742
3603
7505
6440
7111
1528
5521
4423
7712
4759
3917
7306
8345
6226
5447
1009
528
221
7513
3020
3438
5428
5586
3536
123
6677
3980
370
2513
8297
5082
381
5473
5456
4655
7984
2341
8422
56
2524
6703
4520
708
5020
4731
7198
1347
406
971
8882
2354
7065
3478
8109
5484
7415
2996
2217
6507
5105
4591
1147
1230
7646
3128
7821
2807
6267
4697
3119
921
2214
8684
5741
2097
5618
2794
916
7456
4342
5286
6935
1771
8984
8960
2297
6468
610
1073
5045
5136
4639
348
8941
6717
4352
4304
5292
1973
6467
4851
3729
3344
2288
8944
7851
5305
7707
5301
2532
2057
1759
2744
1351
1924
2826
3284
3591
5622
113
7963
1494
8133
8941
8033
3232
729
3867
7087
8977
5363
6092
2464
8059
2794
8194
7856
2137
7458
2902
7504
1690
5958
5302
594
5839
6936
1100
3061
5855
8237
8929
5532
2022
7288
3765
8151
3212
8970
2345
8391
2096
1742
525
4021
8637
266
8723
1591
1467
2134
1598
5759
5878
2611
1349
4485
2040
7569
8128
6636
4171
8190
6100
1566
6583
1340
8082
8538
4680
6757
3012
8770
4436
3062
8843
2240
4820
3858
3668
3522
3518
4040
7463
4943
1159
3101
3005
1821
4951
4024
4872
5585
249
8187
2177
569
3772
1486
5788
3609
1831
6773
4658
7368
8825
4691
3651
1767
7981
5915
1811
8653
141
4335
3795
3071
2504
6523
988
5693
3145
4302
301
1772
7167
5524
1990
4343
6551
5374
1762
4565
8598
6165
85
7623
6414
5080
7263
1933
1913
6975
4933
2132
7590
2155
8757
4712
7327
140
6961
6779
8163
346
98
5984
396
5767
2438
7376
2837
6426
4785
3016
1164
6735
3120
8308
5819
5773
8654
7466
7222
4310
7035
6971
1233
280
1030
7167
3325
8877
399
2963
4647
5435
2103
1036
7126
1253
637
36
1700
2065
3840
6750
7124
756
1089
3089
1233
5698
1365
1253
1120
3037
2457
1194
2329
1969
3319
6967
5252
8536
2273
8189
5025
6286
4384
839
1351
2281
3579
5932
3838
2995
802
2187
7607
5196
943
3904
4480
1659
1854
122
4510
1562
2083
172
404
3739
8062
425
3147
1118
6206
2740
3889
606
6216
7167
3773
3856
6368
4686
6962
5963
5157
5808
4675
7990
6120
7089
795
2307
2850
3700
7376
7153
4192
3375
7420
3409
5528
3553
4729
291
2978
8153
7833
2125
4358
4431
4311
6231
4722
1580
4486
1952
6765
8251
3027
803
3784
6520
7336
210
2573
1063
7968
3403
4569
2736
4245
3061
1940
8175
7929
258
7437
2682
3342
6945
1858
7430
4009
7577
6117
2911
5937
4291
5507
1846
3484
1206
2327
608
1410
7699
5283
2370
2505
1882
3017
6677
5520
5027
48
2934
1490
5864
1357
7879
1894
2239
1246
3558
291
3043
1023
825
2213
8956
3693
7101
1586
3618
8317
776
6966
8961
745
7009
5886
5425
5011
5753
7172
7932
3674
947
663
6048
3311
1308
8690
8492
4738
1712
3010
2869
5991
3541
7040
3446
2301
5740
8631
5835
4855
2740
1248
4032
4452
5553
5262
6219
5413
8557
3561
7629
4986
3033
595
3849
7440
4335
2106
2208
4598
2816
1720
1795
5071
4909
6816
2792
8252
3287
1649
1392
455
4640
4280
3029
85
8924
7123
1447
3718
5284
1907
4058
1095
8339
1109
1878
2669
6222
1136
6291
5158
5181
7619
3642
3439
6163
8141
3599
7596
3583
5132
484
6243
6575
1159
3341
2768
7214
7325
159
4852
3121
5884
6843
2226
6699
4208
8537
4846
5692
685
6000
5656
109
1492
7793
3030
879
8683
2550
3882
2841
2012
8092
7784
4462
7441
8925
2323
4238
6611
5941
4903
3002
7523
5226
6990
1462
7315
7107
8253
7696
3474
3861
3246
621
3618
216
6795
1837
2064
5042
4133
8695
1854
8374
2389
7320
1551
257
7080
4420
1610
5359
2276
306
6176
8924
3459
6968
8904
985
4882
7006
5804
5420
6275
1816
7957
2608
1864
4714
8907
2631
5394
5487
3655
4594
5893
6138
2196
3653
1809
7017
2762
6366
8743
1238
165
3166
2561
5027
7626
5221
2430
130
4641
3674
5708
7104
8175
7554
58
8180
106
7281
1687
7565
1872
2416
196
5152
2143
6444
4739
5184
7018
8347
8538
571
282
5946
4546
2866
2477
8888
6338
1113
2307
5944
1533
7909
8839
533
4399
1651
2936
4809
7427
6173
3883
8087
2019
2755
871
3698
2436
3092
8784
3760
3569
2109
4357
185
891
1441
90
5193
4855
478
7774
827
1618
3242
743
6220
658
499
8022
5777
6989
2051
1253
3308
556
175
7738
8852
2485
6863
7807
6767
4156
6911
1646
6299
1805
3058
1851
1082
8686
2929
2930
3661
2254
4831
7744
5004
1970
4419
5998
5184
6848
6959
4943
3762
4458
1238
6516
20
3499
4812
952
4680
5053
8480
6853
1881
3193
8319
7332
3343
7985
7314
5065
5792
1982
4962
7313
6234
236
7983
1304
7431
3077
6938
5099
7492
4407
2495
8180
3700
5456
7177
2087
4506
2546
3773
2738
649
6119
4535
6398
5536
4381
5777
3170
88
6378
1408
1639
4255
1500
8622
7904
5732
8284
7871
8431
7962
8020
2403
4179
3524
2155
5298
6733
1636
936
4518
332
1697
388
6344
4023
2090
6691
8020
7782
7708
3420
2514
6786
7108
3580
3622
2249
2834
3785
1471
7672
5507
1783
3829
4751
7716
3863
5448
5220
7421
2999
8117
1547
2550
5732
5163
5368
7505
230
8482
7716
3179
8277
3914
4148
3119
7601
5990
5483
3165
3888
8416
2277
5997
4870
6953
2825
5657
478
5310
1636
229
3705
7784
8471
5337
5351
5016
335
659
2284
8086
8704
6883
6400
599
8703
309
1745
8226
7037
6597
120
7613
8732
1542
2211
5893
7507
1514
7549
768
4561
6672
6047
8338
346
2847
3534
2903
7507
3043
7731
1452
6475
2437
7551
4494
2609
8417
3484
1996
4230
1639
4622
1109
4145
7502
7617
8741
1887
6586
5943
1469
1154
5003
4774
1102
7734
7220
8554
8110
2230
4769
7287
5633
1014
931
5983
5809
1331
3660
2564
1099
7435
3665
7556
8540
2756
1736
193
3642
8049
3814
8281
2325
8075
2019
6639
2231
956
6620
2215
8730
2182
7596
5991
1038
1037
913
8045
2746
8767
2906
6852
2032
1035
1060
5746
854
339
7859
3024
1243
8323
4302
3499
5001
5095
6324
2542
1247
4454
8623
8076
6538
7500
325
3018
1152
2393
8677
7535
2974
3363
3917
4577
7750
8703
653
6583
6777
388
6838
3376
7738
247
3369
1441
150
5953
5595
8347
1131
3017
61
7045
5209
756
8850
5873
7415
4176
1249
5344
7933
2459
4200
7639
3067
7368
7166
7799
7751
3907
2636
3542
7138
3568
2526
8451
2312
881
5061
728
6860
7470
6394
6830
6913
182
6945
122
4117
2335
6817
1224
6954
83
1661
6313
3585
8625
5110
4042
3643
5448
2828
6538
3205
7403
5863
5449
82
5670
589
8797
4197
389
2703
167
7215
7034
3064
764
5105
3306
326
2488
3533
8946
1333
4166
1525
3361
3071
2011
2192
7749
8755
7255
2564
3618
5602
1610
320
898
3739
6393
8856
6108
6426
930
7743
2961
2531
3052
1383
6572
215
727
7619
1834
7515
5086
4536
8235
8060
4454
5592
3934
3277
5315
3394
2066
2524
882
2147
4267
8179
63
2413
4610
4139
8934
8059
4776
134
2133
1186
6295
181
4182
3690
8646
1232
685
7572
8922
7678
2776
7179
1073
3780
2226
7040
8619
2421
5635
6045
360
6992
2128
2917
7381
7618
2636
7407
3986
4379
4258
910
2032
2539
78
2571
2469
6174
2598
4156
7552
5021
274
7643
1289
2555
3804
8868
4118
6443
8845
3219
5362
7068
1140
750
1726
576
437
4210
3054
1275
1932
5463
1082
5161
5810
3965
615
4866
8814
7447
1913
2620
858
4108
5812
2065
3134
2970
7471
2065
3873
7237
5638
4844
8316
3884
7267
8198
6519
2768
3979
5365
7541
6639
5134
8455
7253
5740
3224
7300
4092
8076
4245
6626
782
7617
1393
6005
8404
6894
4730
1779
7560
3381
2241
1992
1942
4144
5477
4764
6792
7326
2577
6702
7629
152
4295
335
525
7730
8663
6798
4003
3478
8076
4873
4470
3577
6411
3603
8014
3011
7601
6234
3281
3411
4783
6794
2911
377
785
2562
5177
5939
5165
4577
7386
509
6109
1357
3111
1519
4673
8773
946
5108
142
5649
1789
3661
6628
6061
7871
3549
6576
3917
2094
7865
5085
888
4700
1339
6876
8300
4678
8701
6286
6159
132
1848
3575
4963
6344
8493
5738
4251
6617
7881
6195
7965
700
7530
3785
7113
2388
4029
8464
648
8010
1470
1504
3817
3149
6237
8559
2154
8338
7218
3505
713
81
322
8967
2653
367
5070
403
3753
5576
3993
7205
2313
3282
1837
7286
4602
6701
2640
7786
1815
6977
2935
7171
307
3563
5394
4055
1513
3350
4303
2875
2740
7879
6564
1314
2518
212
7928
4034
2562
7100
2901
297
4773
3837
5564
5447
6386
8283
6183
1435
3986
1522
8698
5335
6738
6438
7762
7255
7297
2342
6921
4627
2607
6283
4308
4465
3261
5863
818
8546
6076
6290
4901
3719
8292
2888
2222
5085
8470
5994
1401
1031
5089
6684
7399
3233
7804
3437
3510
7018
2077
1887
1023
6505
176
1080
2298
922
6814
238
3424
3694
2951
5583
4007
8312
8411
7421
2234
3995
2686
1028
5609
822
1569
2754
6789
7773
2359
147
5590
4922
4127
5045
2397
2636
6041
3267
316
6340
7117
732
7868
7940
4987
5704
6397
5126
6496
8170
737
7337
7027
6093
2374
6880
5489
2450
1752
4156
5564
8554
6345
648
1433
381
1481
3174
1371
8523
7988
4122
3081
7640
6196
3974
3208
471
8675
5124
1549
7707
2749
6682
7080
8336
2915
3812
1203
5852
3902
5491
2982
4173
8450
7475
2733
2869
4960
7056
5861
3510
6309
4600
2032
793
3319
238
812
5874
4425
5298
8329
8288
3662
4408
5033
4593
7079
2833
2930
8276
1574
6585
1822
4034
3492
8424
3024
8277
4559
7182
3927
6351
5351
1767
6741
2274
5673
168
7508
8284
4431
3232
8584
1723
781
3664
6111
513
5197
4596
8293
4787
6068
7176
2765
8219
4603
1812
2918
1393
7177
8686
5110
2873
4225
7033
5025
6637
8154
4108
3550
6495
3161
3136
7759
1924
8670
8409
6030
2774
2980
6680
5679
1383
4691
862
2784
4761
4343
3836
7631
5950
4111
5778
8625
6407
3956
7704
8551
4919
7163
4812
4975
8872
3424
1956
3627
8376
2215
2296
942
6573
7682
8830
5921
6214
7752
1104
7870
4120
4719
371
3607
2467
6131
6960
5597
4950
901
2512
1489
4732
561
4449
876
3814
2294
5504
4269
6878
4796
7099
3253
1950
1240
1348
611
5077
4974
7066
1291
3298
8243
7983
7083
1390
5811
6613
4464
378
3705
5499
2318
2668
8646
7630
2278
1133
6092
2679
209
2965
2220
7796
588
4302
7164
8881
7309
850
8930
2418
5391
2208
8303
3040
167
2908
5035
6651
8864
6279
68
360
1805
7190
7569
1361
1932
316
3361
3456
3933
3068
1799
4643
7090
4670
2506
1031
2934
1585
4339
6882
8652
3691
5247
4458
2701
7803
1090
6902
4391
6974
3892
2708
5247
905
1149
3675
2790
6387
2585
8871
5172
7218
2722
1536
4468
3580
8250
8155
298
2186
3233
7203
6789
8638
5945
8459
710
7421
8441
4089
3864
8093
8459
125
3032
5760
3036
291
4401
13
1743
1675
298
7013
924
8396
143
3545
8798
7535
984
1778
6214
5740
7689
8851
7302
7406
306
8539
972
5074
5308
5398
891
378
5831
167
934
7232
3576
8801
8888
6891
4493
8335
6698
4364
224
6211
2981
3038
994
6809
5780
6118
6450
1371
1560
5942
178
8457
4274
6138
529
704
5450
1297
3143
8867
8319
7593
2245
6742
6381
2790
4799
5041
824
7848
6705
6004
2200
7415
3155
6922
1671
5193
7794
2001
2313
2929
2535
945
4034
3362
7637
6817
7578
7538
710
5376
8369
5444
7316
255
1069
2789
1826
148
5530
5918
2339
1623
1080
156
7409
4474
5634
6303
1767
4419
8044
3918
4445
2802
2387
7317
7881
6270
8862
5914
3298
8959
6081
1548
6247
7766
1002
979
5830
4879
7385
3121
1588
3386
5795
2851
4402
8972
3441
4889
437
7602
5658
796
8282
1444
1293
2769
1387
4753
1067
2138
2224
5532
1760
8048
6947
53
244
2914
8559
7566
2687
8223
3589
3313
48
8142
4583
6141
3173
1398
2350
1870
6672
8026
1025
6809
3925
2284
249
6354
2137
2077
3667
4948
1319
4756
7816
1066
1158
4401
7925
3864
3441
8870
8365
3270
5102
965
2951
973
8181
8710
2585
7109
8752
8283
5261
2071
6910
275
7646
4309
1352
1959
3274
1668
1316
6749
2200
1500
2781
7110
1894
6218
4695
7872
7831
4906
7449
6385
2104
623
6722
1582
7269
1814
8099
4517
7372
7575
516
7578
3826
8833
7015
560
4330
2336
3011
3924
470
3980
2208
8427
6309
3453
2502
7459
5103
3711
2942
33
7652
2396
5455
7856
146
7731
3389
6650
2973
713
7254
4428
7973
2897
3102
3606
6593
8162
7666
3752
2721
1188
369
229
7139
4282
320
3761
8767
5617
2400
3434
8628
259
985
8122
3030
5919
2375
2411
5766
6424
4765
3390
6502
6796
7580
1854
4462
3126
3283
8892
8790
766
8133
2715
2119
5479
2879
1864
1378
3122
8290
6120
7158
243
7975
5611
7567
3385
3555
5655
1664
2919
338
5321
8481
889
8067
367
7975
2856
5622
48
7569
8354
762
1127
4932
8366
6249
6751
7344
235
5179
5013
2829
8185
6238
1612
5767
626
3851
6037
993
2342
8234
7764
4243
5246
584
7530
1768
6493
7986
878
2665
4211
7729
1137
1000
8601
1967
933
4236
2494
5612
7996
1455
5410
5602
1755
4335
2074
3827
943
8283
6722
8755
4004
2672
3925
3602
6586
6892
5733
7060
4769
5046
975
6067
4151
3424
2978
3362
3920
6711
2538
1641
6345
3324
2870
599
4541
8263
2797
6072
3734
958
4333
4758
158
6884
6348
974
5119
8889
4879
8054
5874
3028
2479
4603
7154
3007
7089
1444
292
6700
779
1085
3796
7281
3343
1646
7633
7420
5428
1536
6415
414
4726
4865
3593
8817
4341
2719
7769
2234
3662
6479
7463
7656
1278
7206
4765
4302
1659
2142
5724
5415
4725
7886
3960
7624
7699
8359
5493
5463
7808
5190
2738
4350
6271
8705
6264
6850
5306
1
7377
5383
8106
76
8491
4536
7804
3854
7155
1110
2383
4392
6664
168
3875
3533
4882
1211
3201
8722
5300
5275
8495
107
4052
5773
2305
2996
4126
1315
6827
8965
7185
7923
2433
5124
3426
8353
1010
222
87
8053
8867
7169
3625
6326
2509
6520
1110
7075
447
1777
6868
7861
3738
4623
8295
8806
73
2971
7971
1093
7116
2327
3502
1449
2779
6966
2372
7009
2507
2714
1685
4127
8373
4318
2962
6952
4671
3706
8459
5303
3252
3329
1199
487
3081
5232
6356
1294
5921
8420
283
8018
2387
1413
866
7868
6777
3121
3151
5209
7753
2572
6490
263
1187
2372
3207
4549
4737
4811
641
3158
8800
5631
3295
8361
932
8665
3031
8632
6081
965
1914
7227
8453
3010
3176
1824
3336
8289
424
6017
3546
4170
3079
3418
7944
944
1056
6647
1078
8593
1711
7537
8528
7423
61
4813
853
7243
1269
7679
6011
2123
4965
5039
2546
6626
568
416
2867
3865
6631
7886
7508
839
420
8797
7829
8227
8695
1657
7446
3548
6190
1627
2525
2670
6038
4478
600
5264
5780
7526
6018
1560
2476
6385
8837
8549
5047
607
6785
4746
984
2163
5122
6413
3031
4464
4244
949
8480
5922
7499
7391
2218
6427
603
8631
5178
541
5541
7521
2161
256
2586
2061
6473
3963
8606
6422
6842
7086
1568
6752
8467
8716
7149
7375
291
2884
5262
8765
5979
6950
803
8520
6874
8707
4853
8631
8703
3278
6531
6631
5075
6290
6565
512
1803
8217
2386
5097
2182
3741
6261
3317
7357
279
6994
2583
4431
5736
3680
5960
2066
2710
5491
7560
3174
3782
2974
4574
6223
5786
8880
2534
1640
1861
599
1896
1375
721
5440
5495
5399
115
2129
4007
1116
2883
338
3006
5058
0
4302
2302
1637
607
1932
7134
6018
2053
3337
2356
7944
7287
2862
7421
3979
4874
3381
4464
3265
463
2093
3114
2998
5697
367
504
5952
7129
8196
7342
1915
4168
8944
7156
6856
3495
5065
539
8792
4954
6774
760
3205
7330
8648
6510
5688
8718
2287
8509
5047
3319
1762
2101
8421
1449
4269
8338
8113
6683
1968
6604
7431
1223
7829
5023
7915
2755
6014
63
800
6177
3543
5687
1761
1306
8144
4789
6250
4175
3030
2747
8464
857
2997
3924
5202
4958
3251
7076
7572
1946
5415
867
1871
6856
8368
823
7829
1687
8928
7104
1759
2949
3963
560
2804
8570
1042
2131
4358
4617
8694
2073
3250
3185
2149
6988
6825
5210
1009
8618
4776
98
7719
4395
2869
650
7539
2197
8742
4333
7412
3282
2123
7644
7240
7437
1946
75
6447
2399
8070
3127
7490
2183
5295
1376
1033
2264
3233
4545
146
20
6933
5097
6067
1324
3718
4213
7798
5911
7966
3554
572
6036
2326
7018
1930
5246
5708
6617
1239
5435
8341
2845
3165
4703
5897
958
5139
1961
4456
4884
3123
1465
1636
5930
1097
7006
1031
2817
4047
4506
4547
7483
3975
8352
8556
4692
5610
7908
2275
7929
891
3103
7485
1656
8601
4554
6417
6712
7864
8018
1632
1454
5745
1264
1391
1959
1393
4220
7600
8696
6042
2923
6414
397
4558
2382
4316
7619
7793
4972
7465
3534
2061
3293
8962
6001
6555
6537
1816
6973
5965
3473
7938
4017
5738
4265
3416
2907
1303
7396
5329
3866
3592
8248
1455
1259
4815
4184
2342
2643
7636
8770
8579
7082
3420
5201
3818
2371
5077
6240
1583
74
8342
3863
1679
3447
7428
468
1840
3547
2208
7377
5451
1686
6298
8767
2548
342
5756
4532
615
8293
5924
2214
4124
6467
3702
6983
3503
8713
2695
2812
5665
4562
6901
5831
4229
5139
6771
1285
1845
1512
3827
6714
2415
2192
1210
3649
6570
11
8622
2028
7047
7041
7068
1178
1166
77
8822
7285
4142
8024
2296
6542
7534
8478
7104
5802
5015
3761
2556
5429
5436
3589
2491
2223
5657
5000
4505
8226
6246
4859
538
99
5838
6759
1698
4222
989
2220
6159
5099
8370
919
5014
5379
2190
6146
7583
1959
5419
4763
4689
1413
151
5514
689
5108
5678
1473
8953
1215
1676
1007
599
3628
1559
668
7092
869
2581
24
2256
4584
4589
5525
3188
4438
3633
4184
1802
7949
6223
8062
3817
2146
8741
838
5718
2022
7323
2962
209
6575
3478
7875
4808
8850
4898
2250
913
1270
6926
553
1811
653
940
4152
5197
979
4024
8273
7550
8772
1553
1330
581
6039
4628
5000
4437
7381
8618
5654
6005
3712
3215
275
3679
1060
3982
3240
2300
8473
8829
8369
6640
360
1966
5569
6823
4890
7398
2261
7456
6144
7913
7666
549
5872
4635
7474
4115
4336
612
5257
2491
8836
822
8391
7399
8118
7738
283
3334
4991
1632
281
729
8056
2441
4492
6432
2794
329
5961
1505
1378
3059
5831
6364
1051
4950
8647
6214
6610
3223
8563
8913
589
2197
5084
1548
6231
3328
5589
8658
2407
603
6243
8701
7746
5490
3085
8740
3227
4546
4639
4953
1263
5991
4206
3951
1269
6417
667
8582
4830
4365
7587
5115
4777
2946
8751
6729
930
969
5797
3457
2179
7667
2235
2703
8779
1041
557
6866
4606
854
5337
415
7843
6742
3097
6507
7276
447
367
6293
1839
2225
6751
3176
2374
7300
7576
2259
5309
4531
1803
6355
2099
5892
2669
360
132
3411
54
8410
5373
6794
496
807
1032
3161
2561
7142
2980
885
6031
1884
6675
7971
1907
6217
5424
2763
8256
6371
2112
2402
329
8735
5071
4451
8158
2764
4412
3570
755
1462
6399
2729
4585
334
3361
6193
6667
5688
4853
514
4890
7414
4544
995
312
6640
1078
3025
3568
8029
3724
5997
6725
3719
3175
1060
5753
890
6108
3571
7357
7527
8480
6498
1482
2250
241
6643
4858
4854
7726
5742
7440
4487
3161
8854
3660
250
295
2743
8348
1198
3676
2357
5038
5389
599
2757
3117
4771
5165
947
6567
2680
812
3908
5341
8960
2661
3500
1955
3974
4191
1335
2708
1428
4864
4405
5345
8776
390
7468
5064
1965
4180
8949
8530
6860
4961
3822
7042
7974
3832
8841
3612
725
4377
8099
2174
7274
3710
405
1162
5003
1919
4514
6907
5312
1370
3882
564
8688
7820
3200
6656
6712
7779
2597
2151
820
8549
7453
307
6917
8972
3678
174
1184
61
1011
2945
7663
101
2632
4561
1428
286
2224
4007
2974
8381
8094
417
8059
7837
8608
7093
5885
1312
8287
1270
6566
7603
7332
858
1443
3151
4069
1247
2847
5048
7036
5964
8553
2862
1081
4526
4360
1011
1047
1428
7334
8065
374
6912
6898
3575
8354
3066
4683
3136
4171
5713
6836
3084
2869
4071
2491
8117
678
4648
2263
8750
7250
7878
4317
2986
899
7781
3731
5095
3638
6257
2697
5793
4744
3565
608
3871
8318
7710
5799
6274
7158
3948
7155
401
7599
7452
4072
2922
3357
1997
8343
8594
2412
7315
2441
6187
3952
891
2138
4903
3533
1166
3178
6320
1840
1811
640
3204
7592
6642
2726
294
3697
3280
2657
6434
2122
6701
5719
2371
1745
3260
747
7270
1300
2460
1219
7877
3250
1866
2134
8010
1728
5767
1214
4517
5843
5587
2213
2666
3026
3926
145
4333
8992
4354
2167
6057
2098
2469
6765
8608
6580
5067
6648
4738
8131
1572
8305
7944
2053
6466
2373
4055
2255
3483
1846
6900
976
6719
106
8184
6778
1826
3542
7108
3532
4607
2955
2482
6916
8252
5633
8271
7624
1563
1549
8358
220
2941
4566
185
6221
5155
577
173
2021
5119
4960
809
2740
5019
2275
319
1879
6562
1289
8522
54
1932
5764
1627
8562
7360
8857
2613
3607
4070
2262
4427
5868
1638
2040
3991
1893
4701
500
889
1610
1651
5739
3601
1487
6502
3260
7896
7642
341
3665
6044
5334
4927
5465
3502
740
45
6948
5974
8634
3408
2361
6422
6752
4643
7361
6925
3926
72
8030
672
321
6087
8967
5248
8949
7079
8321
3014
2111
970
1144
7181
5984
1429
8706
6416
946
6220
4757
4963
7637
8122
4586
1864
7372
4289
2386
2888
140
1471
6044
2015
6970
8788
1663
8959
3389
1971
4316
3777
8803
1971
1264
1575
181
4887
8289
8272
7531
4587
2240
3654
4506
8332
185
2186
2981
3010
8965
6778
2853
7055
4802
299
4301
2772
874
4805
2382
8584
5036
6956
8140
3127
6078
8065
3790
7654
4651
1643
5458
3721
4038
7066
6288
2376
2179
6474
7922
1641
6816
4902
6633
57
7665
51
7088
7791
6943
7037
7271
6969
4409
3851
2444
1648
2977
3133
7216
4585
6389
3901
265
2325
5568
2955
3702
1567
3210
8648
7986
6607
5915
6193
2460
2793
5585
5405
7977
1923
3507
2730
7044
6291
6409
2035
8485
2011
8799
7493
2308
459
2126
6849
7656
8630
6077
8350
6159
4203
3349
3979
628
5401
7175
2722
198
7473
4927
3246
3495
2021
6372
4720
3605
837
5970
5397
851
759
1254
7793
7474
5103
3607
8845
1200
7047
6397
6360
140
4657
1450
2295
8981
5763
5786
3992
1191
5370
2238
126
6406
7588
3067
7907
7621
4972
2897
1648
7059
6053
3390
5452
3626
2338
2342
1078
3073
7797
889
6158
812
5517
6629
6867
3809
3574
5979
1195
4706
2976
874
966
219
8158
4681
1014
718
128
2372
8417
2669
7514
5207
7008
2185
1095
6693
4429
6557
8863
2959
6620
3085
1082
897
2491
8940
7591
4169
6586
1273
8672
7445
2165
656
7230
2047
7384
1383
5842
4372
1146
4529
8728
2591
3058
8445
2471
8254
931
8196
3649
6346
6808
1682
568
8197
4790
5220
1626
782
8153
3892
7926
50
8880
2052
5466
5852
4167
6668
4839
206
786
1093
6511
665
4022
2550
7267
8834
645
2981
3374
4019
8506
5646
5644
648
8232
1461
4294
1155
2710
3407
8851
8697
6251
321
8502
5122
6117
2822
4843
4778
1432
5581
3265
5688
4061
2952
6675
4762
740
3731
5435
6767
2425
4369
3184
8811
3323
6428
3849
6878
6524
5371
8473
8398
8367
4772
5881
2247
8232
8215
6994
3519
8282
5811
6025
2953
2819
4844
2642
12
5576
6089
71
6428
3843
1685
3750
7171
5907
2564
1250
4219
6710
1403
2153
5038
538
4398
718
6329
5903
6474
534
313
608
6674
4158
6509
8232
5241
2949
3355
5902
4724
1977
4273
3398
2241
8521
2564
2129
4474
8952
5072
2102
6949
1877
4771
1963
5043
4599
5582
3989
3275
1732
5654
2578
5601
2084
2418
5422
7707
1491
8662
5244
1733
7954
5709
3324
34
6361
8435
3080
6859
6096
4686
7036
8859
2459
3302
3957
2178
3796
2684
2130
8211
8553
3480
240
6117
6763
467
8931
3344
4136
4961
5616
4711
7334
2352
480
6740
6836
2566
1302
2246
725
5184
1784
1847
100
3934
1278
6842
8899
4199
936
2468
726
2363
6218
4422
564
2423
2290
1420
1107
5019
5786
5217
8656
306
8729
560
7203
589
7580
3924
8930
8695
4864
3076
4236
1492
2035
1379
3829
4298
5728
4397
8006
7480
6335
6398
8218
2503
6918
2842
579
3615
4261
4143
5016
7670
4341
8407
1594
1792
3527
409
6711
4796
6840
1918
605
1226
777
3962
7434
4896
929
4364
3401
7430
6200
5861
2424
2085
3215
7666
5952
885
6847
6861
4278
7619
3119
4406
5473
8406
1989
2355
5174
2069
7989
4086
5680
7124
8979
2334
4861
1874
5459
3830
5811
7077
1540
5280
5555
8200
5573
2251
1398
7424
766
8009
2133
6347
2271
4746
4990
4791
2782
3490
312
3208
5244
722
3919
1508
6331
6005
1145
3404
1896
3961
1289
44
7191
1740
2643
2093
4568
7084
2696
2827
3493
3416
2035
1855
1194
4070
7402
905
6353
6944
3821
6041
7671
8892
3400
2333
4012
3043
2010
1532
3431
462
4680
2316
2350
6178
4732
2979
8696
7446
7952
4559
3089
1336
2131
2430
8338
8043
5368
1089
6871
276
4171
3558
451
4623
7618
7685
5715
2358
6135
3658
3887
5456
6034
4980
8056
4787
6777
7330
5660
7691
3221
205
4859
2226
7182
1345
3317
5909
4614
3409
1646
7788
7304
2033
7008
8448
5330
7097
8463
7045
8583
424
670
8236
6802
3220
5390
4368
5659
6099
2142
5714
3767
8618
6148
3693
6847
2015
8161
594
7884
340
2316
6565
4775
5626
6490
3915
4286
2048
3269
8811
3307
5467
1283
3362
6064
6426
806
8546
8963
8988
2970
5799
6824
3388
5239
6030
3382
2732
7095
5797
1799
2084
2605
2219
4032
3921
2464
2721
2380
2382
1801
6138
426
446
7434
1731
8196
5146
3369
6058
7587
705
7346
7943
6609
4467
7058
211
3295
6418
3643
5611
4097
163
5399
445
117
6678
5491
3953
5005
6403
6269
8367
3770
2418
3881
3979
2918
7239
3953
3882
2500
5193
8120
6027
4426
5055
8882
3891
2422
6138
8983
6935
5522
6492
5249
1651
7180
8729
7252
6342
908
5315
4652
2064
8332
2313
7511
2814
1377
197
1507
5716
6608
7071
3597
