2954
3339
2043
217
284
1147
44
3069
404
3732
3715
2541
4755
3429
1833
2579
4025
5864
3256
5835
2529
2069
2099
1150
4683
3046
527
858
5121
546
5824
4233
2123
3058
209
2044
3428
4568
1207
501
3650
1525
573
114
4551
2222
4513
1994
203
5443
1667
1870
3286
5546
5139
5386
3056
161
1635
5852
176
2378
847
2234
5922
2847
5127
543
702
3509
939
3428
1923
5162
2634
1239
5755
3713
5294
4301
364
1150
5032
3756
2694
3507
441
1253
305
2615
920
3146
5412
3900
3322
1435
2653
5725
3956
177
2009
2003
5208
4361
425
3842
5886
4784
3883
3192
3508
4028
2625
5600
5866
4124
4338
3092
316
537
2521
1370
18
711
3130
1985
1737
5363
5181
5376
1352
2667
5010
3039
2885
4536
5335
2121
2370
3132
2767
4364
160
1172
3913
1701
5367
2543
3282
3432
2254
4562
1262
4366
2514
4546
5040
5208
3670
670
4657
5446
2506
1130
3012
2360
3762
2490
2751
5607
2711
2547
4132
325
1188
3560
2971
1885
96
3637
629
2183
808
5220
2208
141
1273
4514
2968
4455
4871
1389
5233
751
4379
126
857
2960
1714
3698
2961
26
937
5967
1098
4661
3589
4413
5309
4946
3870
2649
5218
1701
4689
2239
4175
5970
4652
4447
58
2239
1215
2215
861
4320
2813
1814
5293
4727
2900
1414
5998
1029
3330
1035
1322
5793
1164
4222
314
2862
4929
1502
2241
2310
2599
4149
1580
3619
4566
3937
2439
1381
5557
355
972
2911
792
5689
4496
1250
5319
867
5972
5906
4564
4429
3279
2084
505
1693
4546
4501
1949
669
3477
1516
698
2963
4778
5123
2508
5623
3918
2897
2576
3774
3821
474
2908
1999
4012
414
4925
1324
683
5167
2473
5247
1566
223
765
607
2785
1207
2188
4841
3251
5658
2468
4908
3884
1570
1907
3141
3548
821
4064
4863
4856
4936
1387
376
987
2431
4585
585
2930
1906
4242
1337
5652
878
3712
5566
2333
2025
4586
5421
4160
4631
4696
5796
2812
5698
514
941
4219
360
1559
1034
4161
1503
2165
1900
1603
3247
1736
3180
3951
178
530
2428
766
3489
3447
591
2428
4641
3337
2743
4179
2623
3833
2188
5244
1337
4331
3663
1654
2650
4154
3026
3768
5816
826
1993
1491
5761
1335
2458
5941
3526
2852
5891
220
2869
5945
3893
5662
2340
3005
5251
3900
2035
1085
72
5818
5699
584
1740
2811
5832
3679
186
5351
3755
1410
2483
2956
4799
4585
86
1019
1036
1446
1919
565
4463
531
5539
1207
4518
5342
1826
2436
5114
5508
3935
3945
1042
1436
795
3119
5889
471
2599
758
4812
1805
2293
1202
3717
2685
2338
1269
3265
4511
4887
3886
947
1823
4499
29
1958
4602
968
2831
3049
182
39
3872
5068
3168
842
5915
2886
763
4506
2521
1578
3629
5393
865
3332
5916
1453
5776
521
2426
3852
1844
59
2921
3570
1291
1503
3023
255
3308
2017
4626
5120
5444
2449
4604
4560
4551
4000
3708
2290
4611
278
3322
254
193
116
703
4987
1999
1007
4398
4803
5375
2354
2797
1418
4691
2594
3697
1275
5595
5397
1470
4428
3367
203
527
4318
305
2661
2254
172
4047
5667
2350
1358
774
1107
4923
1142
5737
2743
4803
702
1975
5975
2074
1892
3675
4221
4549
2642
1409
4446
2457
549
1154
1497
673
1910
5437
3711
4032
172
1238
3158
3343
3849
5823
5695
4218
520
566
2686
5199
1120
4177
1638
5650
718
3144
5850
3506
5148
1590
2276
5678
4038
391
2617
3132
4865
4817
5040
3369
954
1420
3181
2820
289
4688
3063
3080
5775
3844
625
1355
1882
681
3243
1345
3699
5256
4712
3704
598
5162
4144
2068
1683
5336
2757
5492
1857
3286
1712
5049
963
3122
5083
3897
4478
5608
413
5150
4812
1858
5038
2951
2879
4161
688
2417
5336
5164
2878
1841
2799
2227
5532
5931
5295
5393
4144
3392
5087
4916
1142
1387
498
4660
3351
2874
5303
740
3406
3947
4935
4525
236
2421
5719
17
4285
2359
3021
2516
5322
531
2115
1459
2230
2143
2853
1362
5269
5147
5957
2334
1693
5038
2711
4443
1068
5688
1498
5620
4686
113
719
4565
2601
5784
3349
5929
1622
963
911
4837
5600
800
258
4023
4226
318
4792
3449
4722
1050
3226
4889
1938
2292
3776
5368
1582
5378
5918
995
2023
338
3121
5808
3115
2739
432
2856
1166
1669
2343
30
3202
446
880
1431
5067
5123
688
3402
4430
2405
1981
4165
5313
480
841
5818
3602
3182
4637
4540
523
3258
4278
3117
3315
557
4736
1923
298
3246
944
1298
1393
762
4910
2455
2327
3413
4185
3589
3232
5154
1028
1182
1025
2660
5415
690
3134
851
5289
3332
1828
5481
3750
1905
2264
4557
4087
5879
5993
2662
800
2702
3850
1638
5509
101
1142
298
1403
1842
5644
494
3355
4568
861
5211
511
3072
5236
5529
2419
3348
2957
5447
2365
3042
3517
3271
1560
5061
4164
1193
5916
5517
1388
3347
5380
5890
1241
1972
1365
1233
1634
89
2202
4758
1473
808
3944
5841
316
3445
3832
2478
3795
1091
1328
5420
3155
768
3165
790
5620
1071
632
5391
5868
1453
5143
2523
2068
4117
1367
3446
1488
139
4512
384
1785
1483
3284
646
3492
5425
4303
962
2677
5987
1550
1689
3556
4449
4773
209
4282
1423
5385
4344
5242
3457
1785
1997
3330
4157
5617
164
3755
781
2602
2009
5138
2269
4771
2119
5518
3098
5655
3933
294
1592
4675
1473
4331
1265
5814
2201
2124
3933
1671
3258
361
1212
1747
3510
3941
5636
2511
5962
986
883
297
134
3473
3794
527
5849
2384
5060
5803
4527
933
2201
1680
3528
1985
458
3546
289
145
3780
1362
3065
5810
2687
1485
3954
1196
3641
364
3954
1208
22
2598
315
1787
4476
5725
4293
1445
5263
5062
104
2267
1404
3852
5516
1691
5258
3018
3154
3287
749
2510
1658
2337
67
5290
3163
3688
2337
5869
3568
3934
1413
4228
4850
1948
2145
665
5264
411
2782
5445
4488
5116
3029
4504
3028
4184
151
2427
3333
2534
3763
5625
2638
307
2010
42
203
4134
5936
5358
1232
842
1841
3638
1264
5392
959
5411
4145
1515
1295
5303
3851
2171
3244
2222
4973
855
5477
1125
1607
3706
4019
2216
2420
1467
15
2711
5668
2685
2544
4647
5599
4050
4803
401
1553
376
2718
5776
5215
5211
5203
230
4610
1493
3531
5009
1138
2275
660
797
317
3666
4649
577
1575
4882
1277
5315
2623
4381
5310
4414
5914
5666
4591
4891
5015
2937
1320
494
2254
1536
1308
4243
5153
5982
4775
1420
1047
3065
4350
3223
4333
4981
939
2896
337
201
5133
1631
1910
1253
4416
4008
1458
5900
2698
5453
5148
2869
5553
1131
939
1108
5413
598
4506
5415
1346
4955
5163
4155
3601
415
4154
5799
2324
5773
909
420
2876
1645
4099
3675
2083
5999
4551
3148
5598
947
2794
3624
1895
3040
1993
5056
424
1589
471
5993
1855
323
1765
3991
5878
1025
5958
2863
2509
4951
4024
2949
2286
5649
2429
2989
2921
3618
3315
2346
3894
3169
1083
3107
1720
2914
5521
5340
1037
1237
5624
2096
4778
5548
5179
5499
3358
2627
4669
4455
1849
2903
198
4323
2545
3619
3801
611
1365
4906
3279
1244
5075
669
227
5047
2839
5449
5754
1632
4239
981
2670
4298
4723
940
826
4155
3897
1503
1809
1780
714
569
385
1969
5524
868
2738
1941
3720
5624
1051
5871
3388
4990
5168
4167
3874
5878
568
1355
5423
1754
1437
779
1084
1611
3190
4990
1168
2772
3966
3661
1382
3473
3786
2351
2992
2268
1614
213
1959
1537
4808
286
4348
1825
2308
4446
3446
936
5994
1052
5170
697
2003
1778
3878
3027
1573
1222
1094
486
4546
924
4513
5960
2043
3076
1109
3285
5458
1031
2288
4333
5930
131
545
2258
2029
2341
4988
132
1855
5724
929
2727
2150
4190
2123
4898
2467
478
5621
3671
1950
1258
2570
2177
5134
2245
5623
4722
5101
3420
5779
45
1637
4384
5570
3602
1513
1067
364
1062
1773
4335
5490
4792
5407
4597
3063
3426
2432
5973
1927
3381
1303
5094
1052
3709
5982
315
1229
3594
3721
2711
4285
2984
2702
2704
4889
1254
3190
4960
1202
4131
2422
5927
2022
2000
855
2075
3625
354
4365
2925
1255
2484
652
909
4412
1484
5243
4276
2140
5510
2446
4123
2293
1572
4967
2700
4292
175
627
457
878
3582
1715
4788
5932
2815
1347
2161
310
5687
1739
346
4003
3323
2310
622
5156
684
5404
5618
3685
1065
1769
3574
3291
5968
1851
5976
5866
1113
3089
4177
3284
4805
3440
3894
1197
676
3162
1272
5094
1282
2157
5348
2723
3689
5781
962
5954
5932
5224
2039
1834
1631
4492
4366
138
4183
5008
3628
854
3613
261
972
264
1234
2155
3819
2751
2467
1167
3637
2843
1928
5526
2406
3494
2862
1205
1712
5556
403
4649
1529
2636
612
3862
1406
1613
3312
4770
4154
1441
4492
196
1713
3852
1411
1226
5342
1119
1010
1686
2378
2632
6
3400
5033
2623
4797
4627
4651
4501
5573
3291
945
2568
2069
4246
2546
4870
4520
5016
1163
3117
462
1598
92
3200
4908
1860
1342
2716
3068
5395
2583
1825
5249
1973
5898
2568
3137
612
5054
1794
3869
1532
4974
1587
3278
1493
4581
5077
4734
3753
997
749
4549
1700
3517
5849
2488
962
1321
2069
4740
2412
2955
29
3827
5518
1886
2849
3920
2035
5662
3320
1704
5259
2074
1273
5551
319
3456
2040
5118
5416
4780
4100
5146
2827
5783
793
3803
5227
2215
5950
4307
5511
4779
3050
3502
288
3601
4082
4837
5956
5599
1680
2778
839
2975
1323
4878
4103
3358
2420
5525
4510
5226
4433
3412
3736
5942
3693
4211
3356
5187
832
1294
1680
3963
4255
4614
2954
4044
2282
1314
5937
3138
299
2868
1907
4581
1572
1844
429
285
3952
1737
1921
4948
541
4623
2569
1156
3289
3917
2703
4169
5336
2218
2284
2396
1147
5182
5022
758
3106
5061
3595
2144
1799
432
5405
738
1494
4261
591
4034
4030
4036
5934
1011
1571
2988
1940
207
5545
5066
3990
1595
2826
4035
3208
4550
5527
1307
2056
4737
2309
177
5800
99
5011
4322
4258
3447
2488
5330
5920
5292
765
3812
1356
2296
3628
2801
4756
3178
5387
5911
1469
5756
1238
3744
1856
2498
1921
589
947
1369
998
1287
2404
5881
693
5937
3220
1573
1315
513
2259
391
3859
875
1366
28
611
1188
5759
3987
4679
1569
16
2534
2182
3630
5668
175
1864
3692
315
3298
4551
1839
5543
5366
5011
4343
4559
5970
2353
2315
1411
5087
1751
4400
329
452
3718
3585
3402
1987
947
2150
5637
4099
2063
2641
3242
5591
4101
947
4700
5185
3432
3329
935
2556
1769
2603
3811
1681
1721
5430
606
2140
2985
2828
4111
2604
2867
2116
4728
601
1981
4952
2723
3396
428
2517
5116
3308
1161
1567
5839
3393
1544
1786
4279
940
1324
3700
3367
1990
2364
5132
3187
4756
1258
810
4031
5707
3928
1525
5376
4832
3365
2882
419
4411
1677
3406
1849
3744
753
364
2340
1352
968
2642
3378
1646
1359
1039
877
5379
3039
2445
1393
940
3240
2091
3154
1188
159
4379
4240
3567
1891
2034
179
5885
1374
5216
5091
4350
673
5181
1949
5589
5096
2944
4690
5590
111
2796
4617
3225
1752
1538
1860
4953
793
5735
4593
443
3468
803
4599
2402
1670
3764
4668
814
2911
2313
5555
4814
4993
3248
3179
5835
3057
4727
1601
1477
3828
4782
199
5386
2605
5135
2882
4227
556
659
3894
182
420
2243
1335
4295
186
5965
3611
2343
1256
3975
4118
5243
871
5580
2964
5953
2323
2164
2006
554
3631
2664
2647
4415
1028
3927
4262
1631
2844
4304
1012
4041
3631
5534
2362
5829
583
2978
2045
4223
993
3700
2288
3295
1821
4085
3747
3086
4986
5148
1302
4556
5528
2119
4979
1741
89
2558
2565
49
916
1440
117
4440
1940
502
786
3304
30
1391
2070
489
4329
2729
3215
5682
5904
598
1542
2735
3585
1525
5135
1871
3820
2374
5029
2563
1707
4776
4775
4992
1330
2035
5732
4454
3301
2472
1584
3410
4960
5775
2345
606
4633
1520
573
5904
3905
5751
3579
3099
1644
4939
3574
4686
3183
5869
4524
5681
3858
983
1434
177
1374
4910
4697
4998
4082
3575
4988
3184
5242
984
2956
915
5555
523
5858
3562
5187
3364
4392
289
5266
2945
2621
500
456
3204
5638
3633
976
5183
4936
4773
2957
2091
5358
4611
4859
5993
4826
4938
4144
4305
2073
610
255
5360
5798
1362
5734
5424
4226
1658
3100
4866
295
5835
4946
175
2088
5707
1112
2998
1789
4494
5123
3480
3291
2102
3619
5297
5025
3809
966
1090
2804
2392
4058
1606
2710
231
3417
3138
2302
5460
3020
2823
3851
929
4432
5083
4844
4628
3926
3807
5545
4342
3561
5904
1046
3371
1534
1599
1237
2964
976
4573
2923
3994
3240
3505
5120
1931
3988
1952
2323
894
204
3636
1315
1821
2019
5033
5619
2923
4949
5040
2956
2356
3837
3825
428
2881
2102
3520
3482
1989
950
5716
4370
1997
2397
2793
272
1415
382
853
4441
2395
5786
4138
3940
3883
2924
1201
2373
599
4395
1679
3179
4134
4451
2660
2508
5238
1411
3173
3366
2252
1629
417
2946
67
80
3210
2866
5664
5756
691
1188
1332
865
2865
2162
633
3681
5967
3380
1088
5685
5326
3117
4881
4036
5034
825
1050
1544
4919
696
1158
4650
1671
2511
668
4304
1924
3385
2458
5632
440
5070
4951
670
76
5076
4762
3212
317
1048
4321
295
645
1279
4828
1426
4352
3007
469
2781
1270
1971
5620
766
5832
2499
2356
5089
3000
4899
48
3709
5860
5695
2798
3411
451
1051
143
659
640
2552
5344
517
1338
4384
1658
3658
3309
5956
1066
3786
2985
1770
4229
4635
4638
1151
1762
259
1849
2002
5482
4584
649
3692
725
2921
541
2653
4501
4778
2356
526
4422
392
3109
835
254
2042
4850
3150
5277
371
3510
302
4161
1231
3979
2451
3346
16
5803
4160
865
2286
1296
1885
1386
2074
3214
868
4335
4927
5932
1744
1406
5539
3173
3400
3849
3422
3328
3549
4314
5171
885
1041
2408
1210
2042
3014
3457
4820
2218
3615
1939
2146
56
1527
4327
4202
140
1152
1791
863
1830
818
3576
1264
5504
5334
4717
1403
3882
4522
1662
5567
1235
3407
3180
8
5722
5189
5655
2829
1599
3500
2954
2910
4800
3845
5996
439
4397
5206
2313
4621
5415
1293
3053
3299
1843
2216
5726
5927
3757
1936
521
344
4856
2032
3920
5916
1398
2965
3721
1610
535
2309
2370
905
2852
849
753
1176
5489
4912
498
2845
684
723
5486
3834
115
790
2227
5218
4623
3669
5131
5634
430
2114
5658
388
3285
5294
2236
1637
2905
3272
4918
3964
3928
1695
2742
4675
4419
3644
3027
1297
3513
3259
2609
1614
4343
5705
4163
5471
2815
4354
5933
2129
2118
492
794
1013
148
814
902
1221
2562
3311
5379
1673
3828
4268
3296
161
2475
2566
4035
1484
5670
3811
1609
3101
949
2799
4117
4671
5780
2158
4967
5262
1450
4270
3408
2710
1019
4146
3931
1838
5985
4904
4183
1369
1643
5260
477
3707
3007
4228
2277
5991
3141
250
3220
4080
4295
1687
1576
4838
1203
3729
1712
270
3179
1387
2226
2121
2058
4385
1892
2771
2881
3746
1552
2753
2886
1003
3012
3596
291
4464
2451
3776
1355
3697
3854
880
40
2292
2999
489
4241
87
3201
1859
3159
27
4942
851
4211
932
2202
4335
850
1629
2727
3554
3496
5464
394
4207
1416
1883
910
2287
1291
460
3085
3573
487
5853
1127
2392
1045
3049
1939
653
1028
1436
5902
3559
953
5501
1276
211
4031
4349
912
4253
3471
716
407
5725
2791
5893
1054
4395
3559
3468
70
2684
2506
3084
812
1369
1265
2441
1608
949
3308
3488
4595
2412
557
5643
1135
660
1717
2069
4397
2181
4421
488
4542
1867
3801
3175
4991
861
3693
5275
1779
2506
4406
515
2581
1588
5780
5388
2906
360
4993
5519
4723
1629
2051
5763
4676
2164
1062
4518
2286
2524
4668
2829
5079
5997
260
3421
4674
4914
3660
4477
1708
589
4827
409
760
3291
3981
2444
417
5466
1032
1228
2654
5343
479
2697
1438
4251
4678
4819
4779
620
5124
1634
4324
1574
2565
894
943
372
2398
1924
4349
2886
5591
3132
90
3459
259
2454
4182
818
1682
5269
4452
4736
5705
1981
1274
4703
5809
522
4511
1591
4558
3521
3006
4313
1663
3705
721
617
1809
2340
3814
4907
1595
2389
5047
2856
4224
3468
2688
467
1947
3034
5889
3623
1626
2617
2394
3331
2410
1273
1561
1167
5159
5232
1550
3072
4246
4104
1640
3652
1342
1030
120
1102
3592
371
3627
1822
4236
970
5270
1499
5146
112
295
4336
1430
3137
136
5302
2649
3239
1308
1793
3523
5599
1331
5456
1735
2821
4257
835
2341
2031
3243
1758
1211
1352
5525
2145
5010
2237
4482
5664
3287
4519
2179
2869
880
3915
80
3412
4809
3633
4279
410
5560
363
3331
2341
263
4598
5299
3409
2267
2822
2714
5896
932
3840
2691
1306
831
2306
5914
4877
1759
1368
1041
4436
323
1369
2365
1002
2668
3177
5369
3013
3455
867
2565
5642
458
1478
4213
1575
594
979
4991
4864
517
574
4842
1165
4724
5823
3625
2781
3910
631
856
791
4898
1450
1009
3377
403
4266
3936
2095
4930
2739
1868
99
248
2946
983
5913
1293
2386
5993
3950
4143
1676
860
5491
4389
5516
3893
1408
3146
790
3528
2942
2348
3231
5265
3953
488
983
4151
5913
674
1450
3613
125
1697
2736
580
2130
183
1246
5473
5280
3529
3688
4752
4188
3736
4311
3363
3028
1553
1417
738
866
5923
1722
4706
4745
1977
1758
1700
1181
3237
504
5917
5614
3419
4622
1478
2200
770
3878
950
3745
1526
1933
76
4406
5101
634
4645
798
517
2642
879
227
3035
66
2278
3639
4206
48
1231
2283
5128
3767
4594
1364
3711
62
2674
5881
3548
3947
4979
1483
541
5499
1764
3254
4069
4770
43
974
1669
3263
5777
158
5535
577
5328
774
1216
3870
3711
1952
5740
2998
79
3800
4509
3509
685
1226
3535
1653
5843
876
701
5706
4495
5825
5904
3573
5675
5500
1399
5984
560
157
4302
2519
2778
5497
5505
501
202
4904
3583
2481
2254
5032
4215
2114
3793
3439
5688
2209
5891
404
1499
2967
1640
1563
2029
1859
5682
1685
4613
4161
4579
2826
3456
3686
2178
3574
5078
775
342
5995
3467
4626
466
1261
5420
5704
4377
1545
4486
2460
4570
5273
3794
5127
2019
4564
5457
251
858
5202
5863
4803
3876
5293
5687
718
2781
4086
3901
481
3417
3725
3304
673
347
3339
4869
1988
3995
4506
586
5854
741
5392
3273
1745
3143
4414
1761
4489
5169
537
341
192
5966
1043
2845
5168
2299
2445
2000
2428
540
540
4104
3082
4340
2135
5734
1989
4637
1123
3526
3991
2250
2623
2905
4898
5673
5147
2888
2646
1575
3167
3959
792
2035
1763
1887
4845
4811
257
3214
699
5891
2902
2378
221
288
3884
5077
2412
3159
3434
5612
2447
250
5330
2035
1095
805
370
248
3583
5946
1756
3822
5469
5166
4242
3546
2861
3869
2781
4890
5714
831
1083
4456
2460
4004
997
2229
2444
1544
3041
4832
1771
4960
430
3030
3893
5558
903
3618
3701
36
1485
42
1012
1937
3615
1937
4435
1417
1665
5938
4233
4455
5753
5365
3800
4524
1327
910
3140
1942
1328
5993
71
187
5143
99
4582
3351
768
1465
3809
184
5146
1105
3225
751
2297
659
1433
5590
1646
3528
1167
5017
4509
5197
3393
920
1058
196
4075
5369
5167
1640
5496
4490
5000
736
1392
791
4707
4141
4870
499
4123
2381
5084
498
2634
1008
545
4550
3486
5275
2250
4022
3833
799
1980
5795
3756
1898
1161
329
3072
4756
1912
1076
4069
4423
5485
1158
1876
686
2930
489
4706
4781
4670
5093
3375
4694
2527
5058
2371
2447
1722
4588
5570
2467
2462
5166
590
771
596
215
1128
4010
4421
5857
5221
4343
645
4548
1468
4987
104
2535
2602
2473
4876
5003
2397
121
1544
748
1730
3113
5015
2409
2847
2473
1904
5796
1583
2265
4629
806
4526
666
3572
2126
1942
5056
2937
3797
1148
2883
1216
2426
2094
910
2044
5078
4942
1986
1579
5861
5578
2317
2563
1856
600
1694
4867
4762
5535
2235
279
2450
178
2426
3669
1963
1273
1163
863
5509
4783
2537
5660
4460
1566
3483
5362
1533
518
1055
1355
647
110
1889
41
5887
3358
2212
3554
2449
797
699
4570
5140
5553
1326
3687
1813
3353
4946
1206
1441
3417
4540
30
1405
1460
1124
2821
2248
1265
5294
2641
3452
3381
3401
4685
5682
3006
4551
1089
2230
5529
3888
1860
1804
4683
2186
1957
5761
2308
2955
234
2762
5724
5257
4244
5034
2370
3011
5279
2713
1280
2406
365
1741
4200
4679
3124
2904
27
870
4045
5810
5661
1921
1597
2018
5340
5692
1363
4126
565
272
4421
3649
2470
4326
2694
4674
2483
2419
955
723
453
4834
5667
3447
5140
4429
3464
4884
1055
2095
536
1091
1446
4795
1916
2212
712
1348
2144
5047
2821
5237
4637
2427
1675
2040
216
1026
938
2067
4107
4425
4548
5523
1321
32
697
254
5558
1534
2956
5480
5205
3127
2503
4949
3265
710
231
5354
5069
4320
1866
1649
4087
2116
4624
2174
2414
3797
5982
4529
2678
2179
2990
1671
641
4420
208
3417
3102
2991
5956
3618
5731
2165
3856
2038
2582
1463
4258
2655
3302
3464
4528
991
2103
418
4581
5617
5823
1645
4033
1996
5765
726
3097
1413
668
387
5878
5234
3335
2981
5270
1092
348
328
2812
39
532
5987
4558
2945
1368
3360
278
245
1301
4720
5427
2349
5587
786
229
687
1325
3673
4082
1836
5679
4661
2560
5087
1997
4392
3556
284
374
2578
732
5230
5262
699
2665
2096
3803
4125
4019
2447
3885
9
4793
719
4568
198
4968
3135
2889
2320
2953
19
4965
4753
4175
1718
5658
1724
2766
3378
712
2956
5321
981
529
5543
718
1603
2640
1951
608
4198
2591
2274
3117
2166
2972
3596
772
3637
637
2295
5186
7
3698
4842
2360
4771
643
2036
3023
1299
5291
1498
1793
2906
331
5822
5761
1979
1032
1491
2863
3142
5650
408
4547
5215
3874
3596
1367
1488
3347
4958
5328
25
3679
2664
5650
632
235
1944
2828
1217
4713
3012
3529
169
1140
6
600
973
2088
5918
914
2976
1080
1628
2600
463
1799
5482
3252
4835
3479
813
522
4554
233
2497
3563
2882
2470
1290
261
247
3855
2055
4703
5742
2763
4655
279
5955
4111
4796
2201
3123
1994
564
2217
3478
5152
1730
3215
4273
5882
62
5109
2299
4840
3260
2909
2865
2926
4025
250
3602
5135
3153
5230
5365
5080
5912
3983
535
1611
3822
1241
2682
1278
2441
5033
4985
56
2349
23
1149
3635
2541
1117
1058
5461
1649
5734
2278
5099
4423
391
2532
4310
1849
852
1932
5375
1971
2078
1534
5247
2450
3975
2562
3841
3437
4282
2597
5982
2935
5530
22
4167
4799
5161
3131
139
1704
4672
984
5538
4539
5755
4997
4662
1287
4829
5457
5775
5191
3932
5268
1179
4134
883
5340
3045
2239
1643
5029
2755
3611
4467
4633
1540
5924
5581
4306
933
2970
5104
1087
5160
3143
4169
5038
1512
3675
328
4723
1264
5056
1350
3897
4008
4257
5672
5334
982
2670
412
3342
3883
4527
4539
4529
2401
4463
33
2559
1004
1255
2061
5830
1968
5924
3831
2038
1671
4901
5177
5609
5778
3527
5738
5416
5176
1428
754
4739
4938
2806
2707
4402
323
3934
1070
2111
2495
1837
1245
4310
5558
705
201
2901
3882
5894
5839
5781
52
896
5253
190
1124
5113
1975
1623
1025
2666
3121
1768
5008
5306
3334
4262
3106
4475
1322
4102
2318
3789
5590
5857
5334
5832
3720
2267
36
5867
2524
4660
4510
3737
4256
4898
3901
2163
3361
5379
621
2318
4946
562
265
4170
5748
3116
5742
4728
3194
3378
1771
2764
3321
3805
4451
754
1919
5824
4691
673
1287
5450
4522
1083
2777
1801
1442
2884
5051
4864
2673
5643
2929
3990
5107
110
611
3407
3842
5528
1265
1582
1767
4372
5645
1209
5221
2593
5042
3774
4515
4697
3033
5116
3054
4408
5089
1054
4966
3812
982
3417
113
4426
639
1333
3150
701
2098
4803
5211
3924
5305
1523
2123
5887
1763
4362
4101
2694
5855
3671
4569
699
2907
5866
1586
5672
2429
2502
803
1280
3089
5811
2371
5964
4378
3398
4325
5713
2357
1251
5842
2446
5232
5431
827
5581
2146
2660
4366
2822
3928
5456
3045
3875
5013
1584
3881
4462
1860
39
869
4246
5856
2215
4798
1486
1425
4943
2378
3692
2741
2149
5888
1171
2314
1259
4175
5899
1434
3879
3268
1848
971
1270
5948
4002
5730
1476
2888
2807
2732
5639
919
153
3432
991
688
4670
1119
1100
5195
1238
399
375
5695
4593
3318
5903
1750
4411
1652
3984
44
2979
4188
4826
5547
2371
4458
3110
1773
5766
3283
3999
1243
4347
1983
3813
114
3288
26
5792
5979
5943
2
2333
2170
466
2870
1391
3119
4801
1436
5729
1453
5540
1917
4860
5131
2851
1705
850
1075
5358
537
5202
1260
909
1168
2121
1470
997
838
5930
4379
1502
150
785
4056
406
3743
4582
3711
2961
3880
3211
5473
5869
5618
3911
3742
423
905
2527
3797
3344
4113
2735
3997
2457
1676
335
4004
2392
600
5023
2600
3347
5956
5685
998
2890
1866
418
5850
5713
4324
1720
2
3449
129
3132
5315
3414
2616
2868
4154
843
5061
1078
2455
2952
3514
996
1780
4973
3514
1673
5973
981
2571
3362
1395
166
3752
4551
3254
3595
5667
3868
754
5961
399
2079
5589
2131
4156
708
269
162
3205
108
943
2577
4252
81
183
739
4647
1687
4872
1429
2381
4987
5192
2065
5797
4868
2337
1209
4715
1243
403
1121
5198
2560
4677
1279
5650
208
833
4332
2687
5692
4673
1668
2428
823
4479
5453
3463
4649
5094
4849
347
4776
4991
5476
4456
1195
5739
1088
5835
2943
4224
1090
2590
2652
368
92
5154
1386
4846
2064
2960
3800
3979
2901
1314
125
2468
1376
4428
2034
4906
4530
2097
1475
2043
3857
4246
3262
1293
1968
190
449
5521
1139
1681
5489
3591
2833
5807
2410
860
5276
3352
4197
20
3764
1927
4336
3312
3040
3056
5804
310
191
1181
4408
3678
451
5887
279
88
2527
172
3688
737
4255
4345
2437
4501
5838
5939
746
317
3755
4481
2187
3741
5386
5607
577
2553
4633
4585
4438
3888
4083
5530
2754
3121
1262
1374
3556
3965
836
5741
2438
289
4290
208
5339
1201
4788
4284
2044
1677
643
4653
4741
439
5007
2706
733
3994
5262
965
1696
143
5672
5273
4570
1735
3406
786
1714
2037
319
636
2369
2163
459
5192
2582
450
446
2965
3502
2812
1988
3183
2284
0
2127
1409
495
1452
615
3517
560
1933
3394
4992
1848
2200
5569
2758
3766
3206
3414
1001
2794
2918
4204
5508
1683
2564
2787
2148
2684
4812
2590
3320
1466
2150
435
1246
3241
2303
2075
4006
998
2249
4797
4681
4023
990
499
2809
1735
581
2131
3210
5718
4904
1980
4485
2899
954
1872
4773
485
4189
1489
5518
2551
80
140
5975
121
3143
2302
413
1364
1705
3255
3115
1062
3490
895
4603
4619
760
3296
339
3604
5889
5543
753
1517
792
3245
2359
4956
414
2895
5178
2780
1944
5862
4743
2255
5976
4402
3866
174
5668
5048
2866
762
4814
2318
4960
643
5880
5197
1835
2511
5440
312
3677
4144
4748
2300
810
5759
5342
4168
3413
2964
1445
712
4828
2537
5701
4430
1701
5767
3057
35
4042
1510
5115
405
5491
4740
1715
2986
5968
2958
194
1716
3907
2623
2075
2223
5658
3025
4593
4455
2506
627
4038
3698
2570
3658
4008
66
1006
2348
3476
1281
2283
1165
4793
222
5120
5667
285
2468
4462
3248
1658
2264
277
2146
1599
4544
4469
684
331
4297
5368
2263
2760
1456
1629
2875
1692
3754
1953
458
4060
5893
2406
275
2849
2414
5605
2785
4529
4760
2997
2946
951
4186
4655
5454
1909
5288
1063
2170
4530
2273
3451
5516
3739
3750
4751
3125
321
5341
3003
299
2002
3264
1747
245
5561
1123
1134
1674
4194
3503
3307
4
4748
2525
2931
1107
5365
1675
4672
5094
1444
2386
4616
5886
3244
5808
3969
3117
813
502
3055
4949
244
3294
3859
4014
1097
5071
4677
5725
237
4504
4562
5926
3869
4985
108
1808
5330
4264
2536
3213
3858
5127
5576
645
2995
314
766
3011
4551
63
531
672
5704
5166
4665
1813
535
5769
5133
2417
621
1498
671
193
1965
953
3488
2758
2333
5943
334
138
3658
3374
2781
3977
4654
4214
4849
22
2455
2815
5076
318
2434
1031
1219
5724
4431
1707
841
5674
551
2541
1153
1864
3745
5205
5477
5530
3217
722
3069
3280
2445
3751
375
2973
2484
2004
1504
2530
5597
5362
1684
3567
4300
1465
1844
4461
4925
4745
4723
5178
2674
1500
5515
3167
2437
1269
596
2597
4510
1167
1114
5499
2760
3294
1576
5622
1575
828
1627
2297
4585
5491
4490
4215
4073
3453
1403
2771
1880
5490
1251
5210
390
3890
3593
2754
4395
195
5961
4265
1153
92
823
1396
2060
5535
4646
2527
1692
5655
3048
3222
2627
5023
4758
3011
4951
2806
805
3183
152
597
86
1048
2259
4456
3047
5415
4119
1394
4890
5124
844
5294
903
4394
2594
711
3197
3276
1769
5479
2992
5650
3429
301
367
3238
4218
624
1125
5094
3229
4871
672
299
3279
2180
2511
844
1180
1588
1102
3823
5992
4182
2207
603
4108
1711
539
814
504
195
3176
921
5635
2741
5558
3029
5071
5763
5004
2398
678
2711
141
5934
5238
2855
4820
2388
1386
5840
3143
5690
238
5384
1669
4331
367
4866
3246
2359
4451
4372
5481
4039
3330
3983
3367
3475
2040
3092
1517
1135
828
2355
4495
5846
4675
314
640
5786
4466
2205
3694
4633
2120
216
1854
637
3843
2542
4573
167
2526
1031
5885
390
4378
2400
2012
2940
2101
2319
4502
1219
3913
1414
1166
3567
4666
2741
1552
110
5315
4873
389
4085
2166
3174
4586
141
3801
4955
38
48
5016
3558
3059
258
3571
5890
4933
912
2849
2870
2460
2397
5666
5975
3881
4765
4105
4246
5833
1976
3613
3581
2303
2255
5321
5713
3261
70
2706
488
277
1197
588
2760
3012
2069
1001
909
3034
1042
2447
3324
4733
2648
2036
1434
3307
5580
2703
5931
2575
2771
217
3899
5803
3714
5901
2706
5883
2329
1995
3034
1406
525
1301
5694
5823
4956
2702
1703
3826
3985
2511
1530
710
2695
4324
3143
3938
909
2023
2641
2404
292
2816
2189
2235
3026
350
3158
2421
483
2490
3842
3038
262
1043
3935
1255
1284
448
4112
5084
2350
2357
5962
2702
5642
5030
3743
2866
2252
1098
3759
3034
2425
1927
5713
5270
1421
2042
4611
5837
2068
4867
3282
1601
2708
3895
3387
1871
5661
5828
461
849
3060
4926
904
354
1138
2761
5695
5081
4988
3144
906
2837
1977
4091
1566
5480
3947
2909
4944
4924
3914
4049
5507
296
4617
2113
1751
2267
3858
802
4924
5612
5101
4459
4044
4006
5466
1694
2105
2852
4366
5130
281
2870
5411
2263
4009
133
270
4949
791
2229
2913
5618
463
379
504
5349
2834
1121
1743
1709
4507
2069
343
4670
3794
3779
2720
362
1067
198
5126
2187
434
3563
321
5335
4513
4579
4649
5474
1915
3030
258
5360
4210
4657
3020
276
1845
934
1008
2344
4340
2543
4437
4273
298
4682
4411
5548
2257
5435
3836
2696
1806
3683
1260
2672
834
5311
5629
3892
3972
5250
5820
5857
5127
2253
2366
180
1822
959
109
987
1922
444
3136
1962
3019
908
4218
5288
3510
3105
3838
5775
4041
2902
142
5558
3911
152
1208
3422
337
3255
3521
5790
3249
2686
4995
466
1138
2884
2794
4135
489
4913
3521
737
856
3904
293
4448
5578
5400
2567
109
3895
3539
1823
2756
4743
4192
1067
5188
2648
3589
3305
4333
3046
3186
944
2420
3883
1547
1606
4942
3457
609
204
4816
4377
5758
4753
4548
639
4545
4961
3231
4959
3613
4300
2011
4667
88
5955
830
5995
4444
1922
4024
4626
112
2210
2902
4479
1878
1610
4937
5003
1845
972
2724
673
2104
1941
1625
1789
3086
4403
997
4096
1899
2575
4450
5763
2806
4464
4362
5436
3449
455
5563
5846
5331
709
4679
2912
5057
582
5245
5119
5262
1719
2475
568
4734
3739
4852
2669
493
1692
4407
187
3601
4057
4314
3808
5117
5714
2181
3886
3497
4644
1773
4061
819
5097
3583
4430
5653
3033
769
3877
3328
2298
5433
5593
168
5748
3603
3686
526
3297
767
2506
2163
5527
1189
1291
3178
2842
770
4799
5571
2691
2495
1633
5571
2821
2207
2556
2862
4714
1752
3264
1911
2821
4954
5430
5598
1025
5567
3195
4793
4751
1385
3969
5899
3868
2721
4319
5271
1843
1827
5697
5265
3948
4409
1036
5121
5335
1284
4042
839
420
2228
1667
406
5568
244
878
1234
208
560
3214
2904
2924
2988
5030
1396
2412
2045
4078
3716
2406
4917
308
3812
4824
3183
4031
5227
2768
1799
3718
5356
3661
4135
5453
1851
5423
151
202
4440
1940
4867
5537
4602
1901
2158
3747
3714
3423
4988
1936
4686
5278
4934
2983
4464
1138
767
574
3648
4150
3650
4228
3850
1040
1157
576
4796
3641
5769
2428
2408
2601
1576
4255
5293
5162
875
3064
3221
3207
1808
2937
3320
426
3095
1008
4735
2535
621
3038
2775
1396
189
2299
2701
1749
4337
4599
5180
3915
290
1203
948
5541
1065
45
5016
4218
955
4791
31
1974
2205
3956
2430
1689
4277
2322
5506
762
262
2077
2191
2786
1652
1769
3391
2965
2355
2429
3479
5131
1111
526
1691
274
1408
4582
1596
4232
3466
1779
1461
3259
1930
4617
5125
2037
1869
2850
5152
2923
2118
231
391
4673
1590
764
4494
5882
4128
1965
5718
3227
2809
2454
1893
5900
5491
3671
5384
1795
713
382
1722
4398
2797
1245
4979
529
847
4945
4514
632
2751
3573
3044
5476
4762
449
1145
2941
4417
2883
3449
5091
4485
3917
294
483
296
4025
2329
3728
4487
4480
1980
2845
1030
5695
4804
2709
780
526
1851
1702
4003
4195
2573
475
168
1084
1945
610
4903
3709
400
2134
2896
2429
5754
5714
4040
3478
4752
2060
434
1279
5203
2440
690
5489
1820
2760
1701
3820
528
5245
2133
3318
2286
2334
1385
3880
4149
2733
2404
2375
2767
51
4505
5191
5086
5282
378
4210
3203
453
4877
3243
3041
5024
5333
5825
5804
1412
1344
1521
78
3143
4669
1877
5156
1535
2687
4775
4911
4882
866
5848
2824
5141
5778
5941
2060
2243
2696
2435
5109
1976
5364
2469
4382
2921
4391
2717
211
4839
2530
2765
4963
474
2509
4834
863
2631
2033
3636
2391
4589
