1937
3549
5277
2072
2909
5274
193
5672
514
6986
3826
2253
3631
1005
630
3510
6059
3771
3748
45
3338
3134
4187
2897
5032
1591
3377
3233
5274
4963
4256
6300
1558
1330
124
1242
6054
1311
6227
5839
47
5965
4382
5041
1723
4301
286
5172
2669
481
2230
6090
4952
2909
5882
906
2834
521
3338
3009
875
5293
4307
5138
5620
2744
5390
4895
3429
6767
5509
4551
1554
3377
4131
1822
2665
891
6946
84
4899
3035
1910
2649
3404
2396
1256
3459
3498
577
337
2403
337
4331
240
1228
4537
5213
6552
1011
6008
1026
1122
1346
2038
1924
5532
987
5521
5971
1272
4642
4213
1051
6337
6352
2653
5591
3320
5370
1856
2703
3812
5132
5421
2587
5851
5474
5635
6019
2146
848
4848
2188
6311
1165
3307
2292
3163
4897
6885
6754
3737
2043
3845
6196
5647
4373
6909
5819
5988
330
2153
6315
6650
6295
1159
6267
5627
5674
4545
6311
5219
5003
969
773
6362
2396
1179
1829
5930
6684
4995
1795
2456
99
4451
2645
3030
4912
6033
3967
6844
4554
1495
5023
2162
5334
4681
3768
4765
5365
3571
505
4186
5559
852
3714
2317
4657
5002
5207
6595
4514
4808
4511
6401
3118
271
2910
1850
4972
3725
1223
3702
1977
3370
133
1866
1266
726
1873
899
4624
2925
2421
2406
5751
1130
2793
5547
480
4249
39
4261
5596
3164
5950
5229
959
2744
2350
446
264
6867
4134
3346
3236
4738
426
6029
2475
6578
3497
343
6409
6451
4624
6348
848
2808
1936
5574
571
3472
6068
3861
758
1990
2127
6180
325
3438
522
1671
1940
6475
4573
5074
6596
638
6396
3990
849
3016
2198
4645
6727
3080
14
1581
6608
5133
997
5883
4820
6905
2832
3569
742
4316
3852
6362
902
5711
2609
6623
1726
6444
847
6631
2343
4132
662
4757
3212
2503
6653
5366
1988
5898
6035
3065
2256
3398
6261
6297
6261
4120
4441
6922
1794
4887
4199
6171
4650
6756
6185
262
2883
6275
4655
2587
2027
6211
4080
5593
1728
3072
6061
4939
3952
1967
5513
5589
2071
250
4180
1110
1981
6741
4814
5378
1085
272
2693
4446
6072
4969
2783
886
1547
655
5859
5458
3299
2459
1288
5603
5878
4887
3427
5449
2633
943
3175
650
6662
2063
3701
6975
1995
2810
6707
3473
910
4575
3728
352
3606
1768
2822
1142
6952
4992
3090
6317
4793
147
6348
6534
1873
2029
2260
5498
2677
6826
1067
4562
3262
2091
6487
4112
4347
154
3234
324
43
5908
737
4100
2802
2277
2332
5754
4989
4073
427
837
2354
3458
3986
3540
774
1042
1307
1898
120
4746
6881
2471
2832
4186
5859
4372
319
6625
2580
6458
3613
2892
3085
734
2362
2912
4662
6283
4831
2545
654
2270
6523
4301
400
1504
5330
383
1407
2669
2693
1399
5220
3213
4758
3791
4234
2847
3444
3809
4896
2043
3512
632
1511
5077
3517
592
6190
4066
99
261
6561
2563
1523
6534
2505
573
5209
5445
2876
3444
2257
3340
1770
4864
6585
6502
2698
2954
4225
6819
5347
1212
4967
2483
1841
6597
6319
5144
312
5601
4572
2630
2255
5197
2517
947
3575
4321
958
931
4668
3851
1221
1817
1430
6743
6526
3420
5038
4854
1965
4025
7
4537
6563
5042
6841
6859
2555
5528
2461
2484
5110
3202
6076
2984
5640
1886
4432
3797
2453
4500
880
1803
518
2709
964
687
2725
6149
738
3387
4355
3184
6484
136
1731
1467
2297
2010
815
2014
1923
2930
3044
4696
3153
6258
4123
3581
2715
2423
6240
4742
4815
6717
6570
1886
384
2933
3470
2418
1216
4369
3257
4588
1588
6095
3498
1776
1983
4141
969
1076
2025
6558
3351
6641
3060
1270
5753
33
524
1441
5638
2164
386
328
2530
5514
5937
4929
3322
6852
1751
4369
3339
996
2441
5454
260
4235
2031
3049
3963
6843
169
1264
2701
541
2835
3109
383
1198
3535
3475
3307
1398
5166
76
2758
6511
1265
4888
1181
891
5255
1440
5937
96
1463
2495
4196
4997
2816
680
2117
869
5302
1841
942
6896
2335
4539
6175
5785
1278
3006
2462
4017
5127
2588
5300
1930
1686
4798
2530
1768
4139
6369
1047
4924
5701
3657
460
3928
3455
2933
1620
758
3494
5584
478
1008
6520
2669
5991
1504
5496
5523
3502
1826
6194
2737
6407
326
3300
3399
6487
6231
6210
5166
6604
5962
4787
4397
6939
1788
3070
3874
4023
2401
2606
172
6244
6383
1255
4398
1925
1788
6232
850
11
2145
324
4708
2617
72
650
2881
5716
3377
5257
1709
926
2375
5291
6303
276
216
3583
1241
3446
1307
1402
6186
2924
1410
5661
3266
61
22
5114
1452
3355
1682
1323
2450
3573
4381
5458
139
2456
5620
2798
2501
1671
1140
1371
6515
1768
6222
6548
6950
4743
6389
59
4471
1438
6383
3417
848
3685
4111
4932
4485
1667
5676
677
2476
603
4331
3914
5419
692
2499
6777
6902
2408
4896
5293
2527
6407
4442
477
1603
2094
2467
1142
6011
5945
4019
2750
1913
5706
377
5849
2691
1238
3775
538
188
4444
777
1133
789
5595
5124
4345
3319
1043
1674
2657
1405
3360
5916
929
2815
2410
6162
5915
2598
3097
2884
1916
3572
1993
1439
3330
4817
5269
5140
3951
6136
5233
6318
1845
702
3028
1169
56
4183
33
3572
3
1610
72
209
5410
5045
2682
6990
3329
3074
2491
3416
2349
5152
4114
4320
6387
872
6941
145
4122
5239
6916
5447
4136
4922
2944
3648
3107
3389
4376
2164
6801
3250
4256
6120
2248
2073
2175
3433
4837
6467
1225
3049
2807
6215
761
5232
5737
3404
1888
2212
3409
2294
1463
3367
5697
4234
130
1566
3396
2405
1919
2231
3966
5930
1596
1441
1633
5412
112
3526
3015
6720
6807
2374
6256
1770
3693
5975
6995
3576
4960
513
6871
2621
6106
6898
6149
4174
3939
3321
3463
2449
6026
436
1937
4097
4572
2983
6838
446
5477
5045
3111
134
3960
4964
2475
5568
2450
4503
4533
6596
5897
2319
444
2356
391
2493
4484
5123
4826
1501
6367
785
13
525
104
5582
1055
512
3732
5036
5551
110
5584
3212
4633
1337
1012
3341
298
5737
6817
2285
1122
781
6360
4072
644
4995
3772
3704
3281
4664
1827
4707
6892
1478
4675
2074
3433
2443
5246
2593
3259
3682
189
1256
6270
526
3736
3372
6278
1607
3716
5320
6232
238
4373
3012
4591
779
2778
818
2470
3577
4830
1229
3619
4996
2296
5790
486
6874
6827
4061
6205
5112
6640
1379
2140
6266
6953
136
2237
6098
5720
4129
4834
5681
5331
3391
1036
3192
4044
5970
5919
6606
5562
1430
5363
5268
2675
1589
3446
5676
4457
612
1157
63
6123
4808
758
6688
5233
1632
4990
3521
4855
3454
4495
336
539
1379
5269
6336
2930
3043
5569
2388
279
4944
6397
3483
5048
5012
5401
5002
4639
48
4938
4226
4930
6614
1458
4185
3114
3842
4074
6926
2396
5121
2957
1326
1768
4925
1146
2205
5972
2173
5565
586
338
5198
1516
521
3339
6217
1587
822
3584
6797
3242
6098
224
2438
2221
3764
5468
4741
2720
3346
6908
1181
5223
2155
2397
3759
5981
254
5177
1639
6382
1468
5025
333
6763
1160
6608
3994
6556
6657
2576
4725
6463
5356
3195
5812
695
6985
2491
1262
6464
131
434
3574
2899
6240
6412
840
3735
2549
4252
1213
5217
694
404
6790
83
1799
1266
1832
6188
3015
1323
6948
692
2069
2947
6623
2542
784
5297
4162
5599
693
4777
1579
2786
3108
1377
1807
5647
667
1184
5648
1939
1442
3693
2462
6435
2815
3299
712
6682
2862
991
1182
2128
1555
4371
3204
6241
2770
4376
4994
2340
2068
686
3072
3613
5099
4025
1984
3175
6706
5277
3309
2435
4368
3577
1565
6196
2981
5995
5174
384
5844
5861
5373
248
2197
2857
5028
5446
462
2177
6909
1832
5780
3809
4053
5065
63
1466
1012
828
6407
5265
5826
2715
3384
1053
1198
4084
1639
4886
5459
4601
2206
5688
4926
3876
6674
4061
3532
2844
2358
3408
4842
3729
5473
3528
6411
3084
5290
2750
6980
6319
4748
104
109
2823
4893
772
5816
6086
1287
5909
3211
2788
2769
4040
2728
3910
5871
280
4613
2621
4885
546
6363
6008
151
2319
4086
5134
2464
4972
1633
2640
4152
952
4476
6774
4660
5352
1086
6272
5813
3958
2640
2767
4999
5108
2912
6021
3906
2729
3514
6413
3717
1569
5439
4857
5275
1883
3510
6673
1420
2115
2824
1358
384
5285
1545
1533
6258
4695
3475
5123
872
2019
3839
6040
2296
3048
1812
261
4
1998
1028
2358
970
5377
3514
6000
3749
6898
5572
5454
1890
6209
4108
6610
3947
3544
5635
3006
3846
5631
6096
5433
1688
4081
5474
5218
421
3656
555
6621
1263
2937
4391
841
4921
4560
5543
673
430
6707
673
3372
4375
5118
1075
1106
4621
633
4589
1526
2687
892
1306
2129
1417
2750
151
1144
50
2198
145
5942
2803
5756
1819
3048
6495
5011
1092
1131
1431
571
4109
112
2237
1068
956
3075
1268
6212
8
3489
6109
2322
5947
2099
2494
2134
6433
386
2683
6034
6361
3369
6836
3905
656
6927
1099
2325
4374
3540
1843
6420
6215
4225
4897
1545
2461
3822
6322
1600
5396
6118
291
5498
1386
3285
2827
2756
393
5092
6607
3022
4000
6321
1915
5685
5025
335
1508
1834
1880
6259
4704
2152
6441
611
6035
5807
5347
414
3261
688
4451
1620
5710
1448
968
375
701
5146
149
6865
3776
5191
4737
571
1340
6176
5576
1561
278
3767
420
6122
1031
4579
5921
3714
6667
463
5919
1235
4935
5665
4155
241
2531
2384
6290
3683
4871
3442
114
5956
5297
1938
1168
4508
668
972
1851
3853
5920
4602
6912
3260
652
48
269
1750
1009
6263
2082
1242
3835
727
4284
5192
3042
1569
4659
4292
5288
1316
1403
170
4402
1320
127
169
1085
4332
6107
296
4229
6988
325
1472
6913
3920
6803
545
1101
6821
4581
1851
269
1567
4460
4298
5701
1711
3268
1467
2300
4137
2394
4817
6040
3580
4007
6273
3056
3064
3424
5371
5096
3386
6196
4025
2543
6264
3133
5766
2132
3710
6651
6159
778
2460
5812
5478
1041
3930
4916
6304
1765
5681
1792
2133
2054
3037
2941
1953
3327
4821
4401
2378
3618
5164
4952
3409
2793
5349
2651
2578
3913
2624
5627
3697
4332
5921
1725
963
450
6064
4318
4423
574
795
62
3740
4841
3324
6455
1235
3913
1078
6197
6326
1995
2943
4750
3402
4482
2065
6440
4934
2745
4976
5492
1271
4698
6420
2851
4363
5903
26
271
5011
4795
3277
147
2734
5801
2351
257
5293
5530
5938
2552
5155
527
3548
4847
5032
5469
6104
2879
6385
4248
1435
5658
4815
4125
5244
1900
6435
6725
854
4793
3917
1174
6604
125
2188
2042
6787
1218
6938
2686
2736
2046
1598
1841
4651
4512
6670
40
2015
3911
2041
979
6653
2276
3539
2678
4663
5605
6299
418
2308
3243
1232
4600
6258
424
4027
1825
6654
6718
6842
5913
6286
6154
977
5669
6222
5389
5317
613
1728
6357
5656
3401
6572
4074
2405
5124
1965
6549
208
5123
4008
5267
5584
5941
77
2663
2482
1924
80
4205
1207
2613
1340
6691
4405
3194
1312
1312
6609
902
2131
1600
5467
940
3676
6948
113
4754
6886
6657
4042
2131
1401
437
4446
6096
2057
2206
6811
240
771
1367
6152
5343
1802
5874
4630
2015
2474
2457
903
1948
4967
5074
4545
6834
1084
368
1244
2890
883
2412
239
1045
6484
2661
581
1750
5333
4186
5997
4715
4923
5875
3523
3602
6495
6825
600
4880
2752
2129
5560
6476
2225
5403
1379
337
2116
4499
117
4819
1617
3739
5467
4744
4295
1009
640
2386
1356
3333
5297
6978
5322
2663
1954
407
2078
760
3780
4311
1469
2421
1191
485
3989
3410
3235
4520
2890
982
1515
2444
1576
6361
3872
4148
1394
762
934
6978
2653
5976
4463
1642
1428
3402
6518
5370
1466
6472
4952
1189
2781
5952
1401
1435
3839
1802
289
1703
934
2727
2457
1859
2291
4084
87
5584
1148
430
6600
361
59
3572
2106
4464
185
5507
1245
4440
1082
3737
4069
144
5091
2129
5893
3200
1531
2874
5983
5025
553
4614
6427
5556
459
6028
2766
6721
3135
3057
3425
5906
1324
4403
6829
2080
1443
6522
1842
4324
2105
5416
366
6770
4734
6070
1725
1430
1303
4753
5639
1976
606
5113
4352
5181
5808
4720
3921
4655
4140
2572
5626
6848
558
3623
5404
6726
5749
2999
2512
3269
2823
3500
4023
5634
6325
5655
6484
5321
1864
4878
4034
6388
5163
5297
1833
2716
2363
6868
3488
2200
422
1521
4535
1350
1781
2849
5738
1348
5168
2614
6144
5294
4752
6251
3550
2529
3915
4568
3827
4335
1341
6135
761
105
1036
704
6228
3667
5945
6640
5753
6937
4947
2983
2263
3414
4545
486
5661
318
3185
1586
6234
3931
6316
4577
2185
5151
4082
822
4545
4556
3045
1861
2606
5105
5143
621
6182
5703
4208
3328
4536
5694
2728
4748
886
1648
2185
4902
241
6661
2185
5796
5792
6695
3614
2520
1367
3536
6762
6950
6952
2151
6640
4491
980
3565
5259
27
645
884
4830
1584
3478
715
165
3711
2708
865
456
6139
2989
6572
776
5450
2463
669
3050
1344
6675
6220
680
4564
1732
325
2335
6794
4114
4334
1309
2397
2699
3908
6162
205
2211
3387
619
3485
3131
5414
2696
4928
4087
5932
16
280
6261
1208
6503
648
1733
2175
6272
1924
750
4343
4367
446
6524
436
5541
597
1295
1398
4329
2876
4760
1011
5436
8
3353
2917
1273
5205
766
5754
4586
5037
2123
208
2004
6882
2990
2817
1183
185
1680
1010
3811
3334
1131
960
6005
3869
4357
482
5233
6185
6428
853
1253
5501
3175
5039
977
6257
2759
2658
2719
2468
5337
4780
5062
2902
5953
579
858
3839
4029
6356
4565
6318
4165
1309
3687
2697
4392
3557
5952
5796
4199
3503
3962
2399
4363
2617
4922
3927
4867
4583
5527
2416
6705
4776
3470
5483
3951
2955
3642
3780
1900
6307
1229
4824
801
2933
2777
5723
1854
4896
1080
4927
2955
6739
1747
3960
1204
3903
1440
2195
1477
6046
6050
6334
4137
244
3054
6775
1734
1934
4838
2569
1201
466
3279
6420
6337
170
4905
5255
4176
3502
2860
3073
5943
6736
4406
3415
4305
4119
4598
2821
4529
4168
5250
2564
1826
958
6887
597
5880
117
524
3702
652
3001
6244
854
6176
1714
4557
914
5147
639
402
2270
1264
4719
2557
1573
6407
5606
3063
3688
4258
2127
266
5624
3441
3662
3529
4752
4901
5054
795
4410
6327
5033
6356
1101
5659
3898
1319
6880
4831
1259
1798
158
4511
874
3710
1140
2880
1606
3204
2253
6077
5438
169
3998
5536
5898
2860
2651
4777
89
6996
557
3902
1198
5312
179
5692
3996
1915
4242
3875
5669
6453
4743
669
2319
4027
2543
936
5446
834
3161
6082
5329
6469
5590
463
2673
2547
6239
6872
4948
519
1946
1870
1055
1702
3574
6506
4036
2982
2975
1852
352
3235
849
6980
3191
1966
4471
6067
4299
3774
5703
5024
2251
2869
389
4256
4002
5253
2778
4740
5610
599
6084
3537
3224
2542
4708
5035
333
179
5525
6488
690
6856
1217
3672
293
733
5383
4782
345
3660
1966
1203
2409
5027
3886
6340
6101
1113
2348
4023
2316
6540
635
3165
6093
1224
3661
1752
906
62
2173
1488
2626
5401
970
1310
2381
3432
6795
2056
1828
570
2876
3857
5406
2860
4409
2338
6523
2639
5315
1069
125
1943
1864
4155
490
3460
2167
2142
6170
6612
753
3508
1161
4647
1239
1590
2209
342
2867
2681
1241
6306
1667
2942
6271
3665
944
5663
4519
1194
3053
3306
1808
680
6795
5303
2021
1117
165
4722
4243
175
6740
5203
2167
664
451
6600
2493
6613
3624
2918
1040
6420
3394
3637
3781
2589
1118
6855
5654
5801
2332
6003
2055
4680
4669
1312
3947
4323
4956
787
584
2593
6142
1012
1108
3179
2118
3022
1904
5099
5119
1125
6768
1825
5023
1904
6757
2344
5326
4496
4900
5781
285
5221
962
532
2744
2986
1038
2570
4063
657
5128
102
2555
3699
5313
338
5412
4437
101
934
3972
4730
6517
477
4076
1129
6845
3078
5697
5963
3027
406
6690
6995
2647
5507
6294
2051
2493
1066
2089
1236
122
4120
3791
1800
1805
1200
2641
2175
4416
905
2547
3189
2740
6326
912
2309
2320
1175
699
3855
872
186
1755
2517
113
2801
1013
1529
6037
6961
1251
5438
6700
6537
5037
4944
4570
5367
2032
1994
6302
5249
3848
39
4499
3970
2493
6363
5212
4540
1188
2258
4104
3683
6294
4277
5190
2119
4724
4693
3084
2738
1334
5651
2729
5083
1387
1980
3857
5570
1566
2470
4138
6255
2450
6797
6378
2942
5035
4255
5843
3452
3475
5590
4947
1584
205
1726
4104
5931
6944
1807
5315
4028
2878
6357
6318
3550
7
48
5493
2245
5880
6414
2924
1806
3656
4548
4108
2831
4519
5935
6249
5641
2289
4497
1598
5878
6684
2088
3444
1518
2392
2883
4459
327
3252
4861
5998
2724
5533
5631
6125
3934
6749
2974
1576
2434
6986
464
4151
4698
6598
99
6384
1415
5826
5683
397
6423
300
4663
4395
3899
3040
5048
452
2052
6507
3385
6501
2303
4859
1960
3403
3436
5336
2427
6101
2971
533
4708
1238
5557
943
824
3463
623
3004
957
6454
503
5958
1361
1719
5345
3441
839
1919
788
2523
659
1635
572
2244
2097
202
6916
6090
6426
6393
4667
3505
5442
1179
6922
6110
425
4749
4391
254
4460
6703
1413
4604
1095
2815
6756
2568
6532
5102
3780
6477
5647
4730
6537
6578
1433
1507
357
6267
4320
405
2888
4734
5991
4535
1661
5696
2044
523
6221
5425
2947
4758
2196
6530
34
4449
6505
2042
2561
4548
3913
3458
5703
2724
2593
5903
756
2015
6071
3864
3432
1833
1203
4331
5018
194
149
2484
1363
3841
5821
686
503
4493
3985
3432
817
5019
5437
1131
2667
5368
1549
199
2
205
1886
3420
5296
3379
6253
4956
1115
6855
6727
4247
1073
2590
1302
2958
321
807
4589
2760
3051
1936
5528
1479
4326
4286
1865
1240
6276
3844
510
2417
5482
5198
6458
6867
5972
171
6401
547
1613
1614
2732
4721
1942
5892
5600
2155
4873
5997
967
5315
5750
4286
3708
3473
1428
5872
6446
6435
3389
1234
6671
382
5095
65
965
1386
721
3711
5852
6853
4782
4345
2152
6224
522
5717
493
1714
3091
1565
21
250
3792
5349
5221
825
3476
1179
5986
6831
590
1543
473
4854
702
6218
6411
6655
3859
2653
1003
6196
3972
3639
1062
4921
4572
1007
488
4599
243
119
4038
1717
1707
1910
3532
346
1568
1394
4081
261
3146
6097
142
1906
5344
2560
3179
2877
4213
5387
4332
5906
3836
5072
6145
2705
2593
751
3599
3312
103
1463
5072
6970
2761
512
3796
3970
2972
1150
1235
674
605
6147
1738
5074
1888
5095
5510
803
970
4931
2667
4359
1645
5769
4503
5919
2946
3118
138
1427
5915
5207
723
5503
5922
6783
5719
1999
2035
6204
3453
5541
5162
5562
5655
2527
2168
56
4436
2987
6216
4026
6074
4619
3974
5828
3875
2888
2030
1840
4418
4409
6392
3140
3168
4792
3251
4760
3091
5404
5970
5197
6498
4945
6628
1603
2153
884
2750
130
3957
3696
2348
1085
1614
2467
1923
4550
3721
2278
5999
1978
4654
707
4571
2338
5118
6083
4071
4777
6362
4809
1741
405
5478
3477
3693
5015
915
683
5512
6495
4302
6732
5036
5377
2855
6483
5829
6421
2114
6639
227
6084
4789
1413
4735
6185
4320
503
3808
5359
979
6001
2816
2686
4258
5528
4860
4450
5271
3858
3532
5624
2387
1230
781
4883
3071
906
5049
3989
1508
3601
5530
3672
5533
6271
1242
261
2440
3788
3397
2199
4903
4747
3318
3643
3414
3164
6274
4039
6688
3435
2188
3729
5711
4490
1591
3144
3465
2313
4997
6334
3611
4262
2181
1865
5025
1567
6651
6723
6557
1969
2213
6910
6707
6576
4846
4879
3724
1703
6489
1850
3265
3018
3476
5286
3270
5736
3942
2106
5189
4057
3247
1736
6982
2709
3076
3258
2209
1852
315
1067
5038
3620
5931
3287
1977
6811
3677
6930
4891
2373
5641
5862
1495
4819
4989
5519
55
5773
535
5060
2774
5034
5037
3137
3426
3789
6045
5603
4754
2149
5051
5995
1134
4732
3726
4272
6584
5635
5991
4717
1314
2773
4439
2007
951
6328
471
6065
5872
5473
1366
1059
6025
1220
3064
962
6731
4162
2610
4569
5299
3735
2833
5498
4932
3585
4250
871
290
123
1726
6195
437
3859
5891
3476
1677
4543
4977
5867
3318
6361
6590
2233
6560
1889
5055
3197
3623
5632
3875
5467
2597
684
3515
6326
4251
100
3155
6718
6826
6078
3285
1820
5232
780
2505
5276
6600
5991
3220
5316
2574
4074
586
439
6084
2594
2925
6781
875
5841
3358
6457
2647
2414
419
2587
1002
3720
4833
6634
5007
2204
4555
5960
5683
3108
256
2881
3129
5848
4263
4580
6489
3541
5754
5232
375
6968
3352
5806
2561
2832
2092
226
5716
2208
6250
1478
4235
6950
1276
1319
4366
6180
5195
2884
3909
611
6920
4832
4732
5422
2766
1115
18
4318
4138
356
6589
208
1375
6111
4634
6459
6664
3426
2681
6755
435
6886
2919
4568
1348
5925
950
372
3686
2193
6425
3487
6399
1873
6289
451
5914
6410
1828
6971
2314
1090
3740
6005
3010
2119
3099
3423
6699
5611
5901
5380
1636
3811
5431
6024
6713
2280
194
5214
3458
4963
5661
112
2139
5734
2952
3962
1982
4115
6109
1150
4402
1232
6032
28
2063
6335
6177
2032
2093
5274
5085
246
4589
2963
4977
4363
2302
5569
4901
6268
2613
3541
3462
33
3554
4505
188
6575
2419
5639
2143
3105
3417
4190
682
6163
3231
2156
6688
1318
1363
6522
2771
1057
4866
5039
3815
6753
6862
2735
2461
1989
178
6622
1078
1199
3608
3233
3404
5508
6734
3697
6855
5651
3957
1932
6467
6133
2105
2911
5964
452
217
494
3414
3238
3199
4463
5190
6835
2077
2012
5463
3328
4741
6761
6252
1017
2773
4810
1637
5061
1520
438
6028
1725
2046
6411
6277
1386
685
336
2797
3494
3330
5016
593
1036
3745
266
4530
6129
3789
551
6723
194
6452
1847
3150
6823
867
2127
2387
765
4603
2485
6924
1262
5736
6423
884
3176
5303
6424
2412
5606
2041
3488
3107
5260
1240
4035
4728
3567
1338
3498
4204
3228
4656
6538
618
201
6395
3019
1123
5841
3462
3831
6016
6715
718
1633
637
3208
2326
4297
570
3568
1551
5951
3804
6292
354
3684
854
3044
2420
2120
2939
91
3063
4745
5396
5420
1981
3200
2777
2837
6201
3236
4731
3228
2101
3208
1062
3004
6964
3303
2019
2183
1598
2572
6562
1344
6046
4933
5708
1857
5436
6708
5826
5231
4852
5879
581
2015
193
6009
2356
1512
2581
70
3591
3681
5403
180
1647
1770
6104
887
1190
855
3674
815
844
309
6228
4059
2481
1154
3185
5261
3313
6929
2264
3748
1549
4507
3534
4714
720
2517
6876
788
1730
2150
5583
5237
3283
1036
226
5612
1501
3100
1271
2443
6726
194
5082
3654
4498
4760
2953
4930
458
3678
6347
5453
2869
6043
5850
3625
6863
2259
1104
3312
2796
124
4534
5206
6307
2176
5811
6849
1102
1329
5219
5341
5288
3125
1737
2500
3490
2128
5025
4873
3552
5688
1388
5304
1983
718
4712
2055
1958
6072
3545
2200
2973
1992
724
3756
2878
2190
3961
989
2725
2501
1333
1986
3631
557
6421
1650
4015
4313
3183
2174
6880
5945
5764
1256
4524
2550
896
3626
1224
2433
1934
4317
3355
6197
6005
1021
5111
4347
5502
2475
6606
3255
5645
2690
3592
4716
5242
4886
6022
3297
1925
6850
4296
3553
1994
2553
2659
4067
135
4687
2247
271
1379
6814
498
1355
4327
5591
4264
755
6333
5792
704
2733
5142
6231
1838
602
5425
6035
4588
6220
3945
5149
917
365
5201
134
310
1389
1066
4474
3826
3062
520
2182
2748
3477
6333
174
447
6613
1288
3417
5727
3101
6419
1816
6056
6589
3182
5617
3708
3223
3852
5490
6885
3859
6200
5319
6774
1392
6945
4011
645
6987
3297
3110
2359
514
3356
5633
3651
6125
6852
2334
2297
422
1852
4900
1930
3002
4098
5385
5787
2191
6944
3246
1123
994
5402
6962
934
5416
6390
270
4381
6839
2164
6831
5339
6110
6207
546
1495
6869
1498
639
5896
5255
680
1847
6795
2252
4855
4885
687
274
4829
4712
5070
3157
804
2030
1954
130
5852
3941
2842
6925
6206
997
6988
2358
3378
3430
334
1990
6712
3646
5025
6054
1424
3873
3800
6462
3878
3506
6381
6827
6704
6592
4524
6569
4067
1588
509
6168
5319
119
905
5287
111
446
3376
162
4108
3022
456
4598
2703
2476
6048
1456
2588
2250
1500
4594
1411
4951
1010
1361
1738
4095
148
5599
6077
2355
5367
6243
6082
2175
1946
6661
2430
5392
1916
949
1571
5844
3745
1844
6377
6484
5797
4661
5413
2218
1072
3633
2931
6123
1964
1256
3294
5985
2077
967
6697
6879
5138
5768
3849
2082
4912
4065
4716
6023
3991
1297
5957
482
4464
4822
3486
1720
2032
6879
5339
2472
1837
375
6421
5135
2508
1241
3743
1592
5542
6487
4896
6065
3471
405
5510
5804
6132
5300
3984
4092
6388
3022
3133
4936
1862
1996
6987
2658
3139
3006
5958
4349
5769
116
2112
5586
1621
1196
962
5699
6882
3952
541
2640
1955
38
5376
845
4118
3679
6473
1282
6630
1317
650
6881
3291
4942
5106
4964
2170
3345
5293
3073
5596
5482
612
2519
1054
6099
6010
6531
6971
6139
5946
163
5103
5939
2176
4502
3496
6761
6418
3244
5001
96
3136
1041
1329
1186
4202
794
6465
2363
560
1212
4962
2930
1597
6792
2097
2511
759
3525
1450
6947
6145
2899
1925
5165
744
2128
6743
6949
4797
6835
2181
4689
2914
5253
1516
6934
6954
3830
2706
3839
3371
6404
1731
2609
3198
153
1949
1640
4504
5131
6551
1191
31
2415
1276
6536
1752
2263
6806
2503
1946
498
5085
1603
5888
3328
4836
4525
2116
5788
5301
5401
324
4996
2929
6831
6928
4686
6144
1489
4121
5069
1468
213
2612
5987
4832
5578
3097
6522
257
1100
236
908
3
2955
4780
2126
2850
2316
778
4166
5497
1312
3795
3616
6932
4034
6850
6763
6880
1378
1333
4954
5646
4050
1745
1178
4921
308
2339
5127
5701
1008
5324
2516
3121
1041
5706
6050
3187
3839
5086
4648
973
3774
524
3399
5541
1561
2758
6974
5898
2964
5706
5636
1210
171
2164
445
3460
3673
1315
2892
3314
427
620
5112
5084
5214
1781
310
6103
3361
3432
290
5095
6838
6260
5732
5582
1137
5279
5735
2444
6200
6269
4834
496
4596
395
570
1210
1093
4495
6108
4416
1329
273
6874
4125
1129
5991
1436
6006
2846
6403
5960
176
2220
4972
5416
3802
3956
2741
1426
479
1507
6110
2287
5371
5726
2869
4238
1228
2075
5882
2200
2419
3637
3636
6583
1989
945
4169
6670
1315
222
3234
4389
6399
6937
4619
5317
3014
2142
752
1699
5423
1991
145
5470
3006
738
1680
5095
3766
268
3338
3437
2003
4099
6762
422
132
3763
2292
3739
6528
2632
6088
5424
6347
6856
6614
6624
2813
645
3953
2994
6563
1865
5554
3249
580
2796
2557
708
5412
309
2997
2962
5906
1645
4639
3852
45
2964
1668
3815
1131
2305
1399
580
6680
5317
5247
3681
5337
5715
5642
2147
6038
6418
1160
5048
276
4691
2077
5100
1645
3908
332
4697
552
1754
5757
2373
6112
74
4766
4626
3244
618
5453
1722
1631
6854
4955
6143
1182
5184
4369
3383
3079
4109
5913
6972
3590
6214
4759
3553
1269
1618
419
4497
6571
5858
6519
5201
304
1425
2031
831
424
6583
3316
6223
4251
3291
5607
4802
5664
2038
3541
4152
587
6843
5419
2935
3445
4661
2343
5268
3435
471
4626
5821
2524
3275
2503
1629
2532
1476
4529
3991
1319
5535
900
921
6821
5595
1933
1395
387
4437
656
1480
630
2170
3633
3523
6792
3808
4460
5907
634
3117
5733
5441
4459
1952
5532
5023
6466
5230
961
824
5646
2667
3994
1078
4142
6766
2084
1920
536
3834
2666
1148
2924
388
5158
5222
5169
2535
3530
3692
4366
1920
3161
31
2611
5620
693
6973
4253
799
4492
1140
2569
4888
3426
6456
1174
4695
242
2181
1133
6107
4949
1590
5499
4931
706
546
6330
4098
9
3425
1738
2063
948
3722
1236
691
2325
3092
5843
4684
212
198
1470
1338
855
2896
2237
1831
5535
3358
1452
5580
3259
1592
1178
3427
2342
2562
5945
5001
4879
928
1102
6777
5391
175
4023
5919
4314
2544
1990
52
5464
3230
4082
3002
1103
1969
3992
2253
6277
4558
3365
1503
3547
6734
1615
3239
3695
1803
2183
1671
6922
6599
4242
2826
4235
1115
6555
3458
3046
3729
772
3675
2325
2716
6445
747
1723
6388
6175
1275
1271
2853
5515
5449
381
5426
680
6144
6563
6095
3687
3419
1398
1939
4037
422
3519
6701
1196
3818
4134
4718
2313
1079
836
5240
3389
215
2096
4145
4203
3583
101
383
5209
1438
4772
4377
1181
934
724
1027
5764
3148
814
2325
576
977
6000
5511
1639
1046
612
652
4341
1611
569
2124
686
4938
1592
4587
4207
3015
1039
3244
1842
4838
6736
280
2874
3592
3743
3800
2584
3208
3831
2026
62
6276
5758
3912
1210
1475
3526
2496
4451
2861
6763
1945
6331
6643
5168
3632
6160
1893
3040
2609
4541
2403
5566
5004
2734
2941
4424
5451
6052
5371
3873
1099
1561
2014
1659
5376
5401
3912
4461
5766
16
1130
3221
4752
4228
855
4330
3765
6400
5278
1833
6593
3330
5822
817
2414
662
4874
3260
3034
6676
5061
3806
14
277
4195
5223
2007
5393
5096
1682
6707
3569
1333
1656
2844
6369
488
1679
5843
5482
5439
5390
2356
626
892
987
4407
2959
5341
2488
1275
3363
1611
1112
1533
5888
3546
5525
2248
3078
57
6276
262
6350
2517
3503
2133
1181
3238
5522
6744
3772
387
3387
2517
4492
1674
946
3477
6030
3878
2623
5223
6020
4113
1986
6329
3935
492
5542
6179
5401
4504
4762
253
609
3010
1120
6677
744
420
1096
2033
533
6287
1067
2188
4946
2774
2811
3242
6022
1833
4385
4066
996
4879
2873
2005
1227
5509
396
2987
539
4848
3630
4822
6285
5286
3181
2035
3474
3982
2048
2281
5156
4798
4177
5414
3723
2118
3857
834
2100
1631
197
4373
4167
558
3603
6707
5467
1813
6565
3119
1074
690
1012
3906
6759
838
6813
3153
5701
1439
4023
5896
1281
6731
2608
2283
1682
609
1989
1144
6916
3084
4088
4422
231
2413
6110
3318
5776
5870
4822
2965
6360
4204
55
943
6564
5418
1207
918
3680
5162
2017
1299
6432
5057
5205
4361
5419
6658
323
2434
4315
3808
265
493
3580
2736
2092
6326
3463
4212
3811
2879
1253
6064
429
5360
1409
5149
6476
1351
6234
2526
6689
645
6372
6938
6571
4161
3536
5851
6187
3430
6855
1665
6473
4994
6808
5927
1862
993
2804
261
2006
2899
4023
78
4876
5571
1145
2447
6934
4119
293
6883
6356
78
2391
379
5927
5204
568
5697
4113
1266
4655
6580
6073
889
2091
6958
4937
6256
6151
2731
3711
2922
2179
847
3661
1163
3816
2068
6227
6878
558
6439
3505
3995
6733
6740
2132
6403
2694
2714
3924
2568
2694
2309
6344
1805
5315
4842
3541
3599
4797
2024
748
4002
5873
2492
5167
1693
6679
6639
5058
1021
3516
4904
2552
3478
702
4465
2679
3800
6925
6271
5226
6299
1738
4255
1126
475
3327
4531
5876
1631
397
4185
374
4168
6249
5310
4532
1364
4171
3180
204
90
2325
4497
6432
1202
6894
3990
6668
1594
6359
3243
4059
3509
6823
2787
705
4763
2512
430
4542
4949
3855
1544
4221
1278
1794
605
3563
1873
3783
5996
5867
5926
5601
1457
173
5259
2160
1471
6474
3339
4706
703
2689
2719
6057
1001
2361
5600
6536
1606
3846
4134
1978
1066
2334
4955
1216
3386
2256
1354
4038
5524
5016
5198
960
5614
6392
1876
3568
3762
4265
2437
539
2603
435
850
50
3483
587
1957
1401
2155
750
3864
1784
1387
998
5641
1707
2177
1307
6136
154
4397
3253
381
4341
576
5507
2712
4362
1096
5495
4230
5762
4081
6866
4084
2235
6476
493
3765
2479
46
2114
6145
2969
663
6871
237
4232
4585
2627
987
6151
2580
414
4880
2552
581
6930
3569
1046
5460
1363
548
3476
2476
1924
3213
6294
5810
3699
3337
1321
6487
2622
3362
4614
204
4323
1286
4265
2730
2946
454
4754
1891
3302
5390
1198
2870
6216
1108
6378
4208
2580
3927
5227
5720
5802
3844
5022
97
6680
6242
4580
2006
3760
6870
2025
2182
5533
5141
4030
1549
3686
1991
92
6129
1234
115
2214
3363
6346
4803
3319
3949
6863
4852
660
4632
4871
2258
4437
5251
210
2965
1828
4796
3770
4699
494
1751
1924
4237
6418
5252
3263
1886
958
2690
4709
5044
5399
3656
6277
4553
2542
2378
2507
4443
2489
1318
3083
406
645
1151
544
2483
1955
3481
689
985
3967
5748
2188
5222
1748
1258
6475
5822
255
1741
5837
6785
1894
6281
5948
5517
2355
6339
843
6245
4150
1781
6681
5977
5640
845
1830
4762
5827
1639
3875
510
6451
1625
3835
6712
3496
1255
3280
3320
5647
3382
5797
5943
3754
3399
3726
548
376
3932
5733
2799
5439
1750
4620
3664
1658
3767
3690
838
5759
1524
5247
5389
3041
4405
4107
4509
1057
6052
5917
6955
3538
3649
1728
3804
6292
3512
1533
4018
3145
5678
5126
256
6488
1078
3762
6848
5907
6998
4396
2696
1383
1982
1230
5770
6278
4375
2660
5862
1458
105
6048
1482
1291
441
6009
5546
6598
3231
912
6032
5702
6058
5382
2145
1894
6888
4720
3131
3600
3498
3316
2016
6840
3542
1810
5876
2726
6654
2035
1363
3667
1910
6682
6986
2540
4319
4678
2031
1608
3018
6394
5596
6309
1522
344
6960
2357
3070
6963
1525
4223
2038
3836
43
5329
6303
4141
1
4638
756
112
5705
1939
4422
406
2824
6787
3212
3040
5709
5903
3614
2177
3927
1006
3015
1126
3772
4951
6866
4123
3620
5631
5287
698
6828
2860
3253
3713
5854
3798
1342
3433
5050
3365
5232
881
359
3917
2103
3558
6796
3674
5332
2844
3752
6180
2881
4147
515
6400
4484
4598
1303
2926
1957
4026
3375
2321
6843
4464
598
2165
2501
825
2144
3526
5204
4649
5442
6292
951
3373
1813
3836
2783
6429
1768
3497
4768
435
10
250
5274
1404
6407
6524
2683
5208
1222
2825
5329
1028
296
4417
5232
1973
2524
2271
4088
2302
5171
6101
5694
5006
5314
4172
1725
5470
1524
2128
2031
5850
427
808
6961
2936
4409
6166
2959
2424
273
1249
1172
6174
1612
2846
6717
2374
5386
4199
6995
6803
3750
4599
4215
5744
5696
2311
3378
2182
3041
761
3184
4572
3343
6243
2215
5530
3407
3927
2548
3806
90
1714
3771
2401
4396
1845
4354
1442
1299
3958
2430
3552
3448
4940
2836
5135
1453
2094
1733
357
4908
3564
1178
440
6242
5816
3662
4406
4358
4179
1102
1343
2167
5908
2407
3694
5879
3549
5469
1892
731
4062
1548
80
3899
2788
883
5537
6910
2304
462
2283
2737
6393
1450
3053
633
4856
3858
6955
2942
5843
5588
5199
5567
1982
6714
3462
4326
6467
2594
5776
109
5467
6942
4265
1739
6283
1722
5894
2526
6962
3321
539
6076
848
4593
6846
3056
1820
2723
3208
6300
2521
5994
4283
3224
1025
4398
3499
2947
1893
3547
3752
5530
1886
4034
2746
6993
3150
5569
972
5178
5801
603
2818
6692
5901
4490
6124
4280
6907
3849
6511
5768
4574
2403
6090
3195
7
513
6129
3710
4017
5462
6330
118
4867
5403
5245
5370
2037
4775
6298
3701
1271
5351
1859
3519
3952
1194
6212
2249
1178
3147
3682
5412
4651
5582
3572
258
790
6646
3762
2525
4605
5746
6064
4729
3320
4790
3140
2743
2165
2318
6196
2270
5796
416
1339
4419
5084
2613
3507
4985
3758
4855
2976
1586
6949
5074
3012
236
6900
1527
4650
4665
3905
5524
5037
5727
5912
3146
5849
2560
3752
5051
2234
1649
3505
1411
6833
6778
5440
2345
2774
752
5595
1915
5889
2011
3884
4747
3695
4826
180
5263
1035
1901
6906
2528
3993
3421
6503
4515
2131
6859
2995
449
2559
2422
6570
1421
2535
6998
5214
3424
6143
6747
5375
1550
1171
4070
2345
1283
2854
2360
4795
1883
171
201
4992
6755
4919
5702
1368
432
1182
6487
6803
447
785
1008
1641
2538
6987
712
1674
6259
6592
1225
3404
3188
996
357
6513
6194
183
4423
3334
4157
1861
1637
6251
6755
2315
6793
2318
1413
2340
4091
4686
3244
3389
6160
6004
778
4879
3170
6520
2680
4720
5939
3330
4496
1250
5592
4895
617
3313
1820
3874
6868
4915
3713
6057
3152
4280
2566
5654
3868
4960
2984
3122
2221
6120
846
4439
5955
775
1450
1507
4821
4588
5984
4786
33
6419
558
327
1710
2117
6392
6781
4903
2592
3422
5183
5146
4942
1826
6144
1567
2529
6137
749
4184
2870
3628
4559
3961
3155
2564
4620
917
1384
411
3475
81
5419
1270
1776
3393
4740
6548
1485
396
3007
4821
1723
1504
4995
3772
2779
4387
1346
2266
3923
6112
337
1110
3241
182
2665
2487
6226
1585
487
3873
2928
626
6418
2223
2955
3275
2114
2810
6777
110
5149
4883
1910
3977
2287
942
6216
2373
4165
4947
5348
637
4104
707
4230
5475
496
3411
6602
311
439
1293
6247
5443
578
5150
5747
3053
2256
4854
4751
3469
916
5768
5613
6557
61
6821
1064
4494
1166
3270
877
3143
4978
4600
18
3989
151
6572
6285
4693
718
1396
4231
5996
3741
6980
973
3672
1693
2068
809
1665
5243
2013
6186
5954
1970
3132
5279
6434
3645
2790
4669
371
3610
3103
6037
4637
4892
6929
3386
1372
1411
3717
5843
4611
2436
6937
6975
5138
6851
5564
5870
432
2935
6420
5379
461
6185
3719
3569
4109
6337
1962
4538
5274
3444
4
5995
4688
2161
5637
3243
4463
418
3969
6595
6602
6691
5671
3305
4809
5257
2537
5167
5781
837
6549
6643
3010
6040
3600
6239
6614
1819
147
4406
6008
4553
6304
1541
2324
5314
6433
6227
4159
986
1278
3281
5703
580
6435
1543
1765
2362
4189
2040
5967
3423
2556
515
3487
1321
3355
6551
2025
1329
5904
194
4089
1160
3424
5178
3229
2244
4449
6241
3671
6508
3710
439
5374
5148
2110
6363
1849
6726
2723
1029
1079
5137
1385
557
5823
5495
806
25
6854
3604
3477
4498
1223
3084
3987
5425
1805
4924
3794
1513
5179
1942
3903
276
3296
1433
6030
1121
6409
5064
2543
6211
2787
5631
3370
4648
597
1225
994
2587
138
1285
2828
5845
5383
4599
2682
1107
2123
1774
5998
151
3634
4538
4519
1342
3803
6898
1598
1462
5504
5469
5785
2598
4604
3588
5601
5454
5581
5412
6012
4529
3224
3038
4032
2396
1179
2646
4742
1346
6707
2787
1131
2254
1523
6386
99
5393
6285
6345
1437
5892
873
4521
1885
5793
1468
3971
3492
4234
4562
5212
5722
4657
4083
5538
1395
2424
6219
3130
6769
306
4919
5953
6253
5397
1798
4796
5355
6057
685
6696
6558
2435
3111
2160
456
975
5608
4673
1152
4067
3365
1611
3908
6213
6783
1080
4198
4210
704
1750
3309
1612
599
2618
2304
800
4883
3980
352
104
4779
5725
6555
6158
4275
4052
5499
5277
5835
3054
3980
5762
4394
6015
162
1949
5901
4881
6697
6569
176
2416
5825
6300
2340
4699
2894
2189
1523
1145
6162
3414
6508
2044
227
1720
6803
1565
4347
6237
5763
6735
3605
6664
5034
582
528
4848
6029
5080
4474
480
6758
1761
6191
2569
3122
5444
4065
1260
5828
3075
3094
5352
6135
1626
4357
6868
6605
5923
760
4233
2078
3419
5865
739
3999
3570
5530
102
6491
4429
129
4055
6522
3230
1831
2258
3761
6532
730
3407
3628
5277
2710
3578
722
2712
6509
6829
1830
4215
3419
3793
1600
2795
4876
5525
2373
844
6237
4
2218
3994
4249
6889
2801
4794
6423
291
4731
6834
5760
1458
2762
748
3173
57
3763
1345
5097
1792
4098
1585
174
6144
3473
2109
2610
1699
5585
2022
3818
3432
3555
4701
1889
2093
3520
3578
6873
3324
2141
3326
3631
826
5153
3069
6728
4799
2458
1690
6851
3130
998
6683
5641
2469
3932
5860
2929
2263
1053
5514
4384
4233
2469
2338
3799
1553
6477
571
3933
833
817
6012
4678
2473
5661
5958
1685
2839
5843
2897
6686
4880
2284
1475
170
5967
3426
2564
4904
3105
4877
3784
6257
1333
6984
5318
3835
1322
1628
1771
4036
5534
5130
4492
4917
5855
4916
5449
6951
1881
6429
5092
2157
5013
2269
4040
175
4657
2703
1367
6074
2471
3329
489
2459
259
3592
3
4321
4129
1681
6133
4577
6619
2568
6713
2429
2808
2854
4698
1585
1752
2620
4865
1074
5089
2297
2848
722
275
3034
2802
2752
2244
6095
6724
