3212
7672
526
4889
2561
9518
7967
2173
8867
7133
1132
2209
5387
7881
877
1594
4228
6302
4904
7607
1624
6790
4550
4163
8918
5980
4022
5436
4793
9597
5372
4226
4126
1793
5155
3155
4879
7139
1802
8048
7556
156
4303
94
9387
3072
324
5115
5609
3900
5181
5764
9596
8715
1649
579
9243
5732
5147
5339
2139
5336
3178
4894
769
4078
116
9874
5982
407
4787
7394
2967
6770
1211
2252
8198
1537
120
2437
9463
9196
712
5160
5039
756
1691
6697
2639
2140
8970
1526
4407
6267
1541
6424
9903
4068
3440
626
3280
9322
1541
1656
1709
6926
7356
3621
8653
4089
8525
9469
8012
8380
1230
9306
4126
4023
1361
9295
6838
2289
1046
8012
3365
5035
3677
5510
1188
5914
1972
4503
1544
7237
2991
1242
3603
1146
8110
2741
3136
6532
5255
1679
9361
1618
6424
8177
5953
3246
3401
7572
5004
7208
383
4447
9326
3574
1968
6106
7484
1487
8322
5497
3846
5279
6030
5033
786
9397
4970
7583
7245
3526
5737
444
3705
4934
7103
6635
7609
4559
983
9775
3585
9110
9216
6584
1246
3851
3364
986
6329
6499
4582
6786
8679
9194
1056
1283
7344
4445
1429
4582
8610
6278
2813
7989
6574
5926
3957
518
30
1341
7512
1807
8674
2540
5062
7123
883
9770
8642
9564
5777
7014
4739
7961
7690
6976
8491
4144
6015
2757
2732
7026
9215
7256
5214
7256
7255
6884
9918
6986
1938
9040
2711
543
2494
706
2432
6801
4454
8133
1631
5276
5806
6082
4844
2602
6926
5642
3172
48
104
1613
5516
1895
8221
5066
2855
8678
2035
1261
9760
128
8463
5442
2169
3823
6566
7712
3059
8984
317
5955
842
1888
6753
9105
4058
8836
2358
1214
5100
5138
8065
7798
127
243
3898
3830
1565
8855
7141
2578
6761
1025
444
427
4312
6302
2182
4455
7539
441
1893
980
9634
6870
3340
5502
7595
6991
9085
4966
6953
6173
8713
4746
3643
512
8368
1113
669
1388
8812
3606
3102
2132
6811
535
1079
3678
4964
820
3714
6394
6896
1058
872
2864
7817
1540
1841
9938
4203
7705
5540
4794
1043
1211
2263
9363
904
1371
8782
7568
3669
5953
9416
377
6117
5104
9130
7772
3103
9420
7436
9917
3714
5290
1685
855
7125
3585
3664
1154
7755
9263
7423
8021
7919
3314
863
6647
6607
7667
2033
1711
36
4971
5812
3175
7060
1023
5876
3461
8644
6070
3070
2184
9352
8609
6603
9025
6873
1368
5469
4087
2551
730
1693
1868
3993
5121
5740
9783
6178
7294
8546
9802
3325
7556
1406
877
5493
9194
1931
3223
7144
5634
1031
5460
6111
3220
4479
2030
3198
2703
3270
8619
6263
9987
5804
4964
5438
3964
4612
2586
9346
8015
1608
7013
4303
1378
1709
6480
2033
4582
4796
9257
8715
3461
6165
7017
8824
4155
7043
8404
144
3009
2376
8285
7152
9570
5815
4027
2733
7636
3220
8596
3867
7956
8996
7673
9155
2882
4797
5200
7609
84
202
6279
7227
5277
6615
3080
2084
7511
3368
5940
3324
5978
8917
9762
8328
6892
2269
1359
3440
5292
8957
2918
8014
3183
5149
6865
9109
5031
5563
5943
2613
2917
309
4351
5162
195
7829
8938
5976
1545
3244
363
7156
511
7032
9456
2839
9467
5488
7645
5378
4028
3723
7641
1206
3442
4507
5334
5223
8035
6755
5717
4249
6941
3935
3266
8733
4720
9859
7822
1494
8217
3108
2976
1216
225
22
7143
5617
8374
7349
8312
9003
8437
5550
1084
9601
8348
6564
6176
9689
4236
6596
2014
9585
8005
4473
6449
8793
959
9929
9365
1689
1536
4223
8870
4151
5314
4508
5488
6259
3289
8254
1362
2973
2353
5204
1167
4853
1375
8228
2856
9357
1982
2981
4418
7457
1576
1745
1688
7310
8643
5015
1838
8433
1307
7664
9402
5587
1892
7030
3482
8376
146
8665
3049
7876
2558
4246
4000
2663
2697
1870
1775
3481
9336
2128
9758
1937
4041
3502
3811
6959
6823
7580
6220
4406
5815
9140
5056
4481
5636
9328
8412
7461
8934
1320
7064
300
2250
1395
4203
9099
8842
6546
7238
6389
8680
4868
2987
8558
3284
3734
5901
9598
1965
5255
5185
8438
1881
5041
5513
2926
5123
4151
4997
9669
297
4700
7827
8990
763
5388
875
2870
3155
7898
9063
9738
1143
5476
7663
3576
5345
57
2361
9778
7429
2181
3765
2611
2602
3089
9043
3442
8250
9009
5118
2185
4710
3645
8376
644
7324
722
5299
5168
4681
9312
2312
2578
1543
7815
7903
7721
1555
1985
1005
4083
2891
1325
266
4054
5229
7327
8655
3317
5367
7897
6897
7158
7246
4016
1119
4087
6040
3442
2634
6032
7964
48
2200
8284
9925
2337
2251
4046
5381
5130
7134
245
9067
8985
2049
1718
8196
2424
2583
1902
837
955
5029
6211
7047
6221
8924
1063
2295
6837
7793
7432
5544
353
1266
4294
1612
2583
9061
8986
5193
8641
774
1138
8848
6139
951
8895
647
4027
9084
3323
9435
4774
2049
7007
8633
756
1694
8556
6174
3666
8332
2358
4605
3914
7385
313
6796
6134
9492
3328
1164
1822
8689
2051
1798
5495
9844
1536
7814
5987
7016
5167
6519
3500
5592
9928
7195
8560
9201
9586
392
2154
8860
2481
4112
8068
7170
511
4382
6513
9039
6000
3772
1221
6239
9633
798
9212
4651
1844
1822
8952
8353
6674
38
2640
9206
6015
885
4028
6150
5146
6953
7480
34
8937
769
3423
7579
830
3167
2362
4618
272
6551
7441
5482
1743
606
8548
732
9617
7258
5392
5337
4992
1220
6724
6448
1137
1537
325
5313
742
9298
9186
6228
8365
4153
3917
6075
7409
9720
1730
486
1409
2286
5914
6148
9469
577
2483
2011
153
8942
9219
6070
2474
76
4987
2388
2261
9430
1138
7318
7739
5701
4745
3855
5920
2798
4973
3222
3829
5333
6505
3530
5773
9413
5360
2120
2432
3204
9823
1615
289
8440
4378
6397
924
7165
3648
6013
5496
73
7676
356
7078
8519
9864
3755
395
4993
7912
1571
7280
389
1193
9081
5056
3657
1971
5104
6760
4488
4825
1204
9798
9078
5729
9463
5205
8222
6223
4295
4323
6081
147
2876
334
6575
2642
6561
9744
317
300
561
2149
9875
512
3663
187
19
9969
4907
8020
2553
2221
6190
2545
6597
1184
6587
5925
156
8477
4624
6290
4594
8056
6349
5033
8736
5174
8170
9016
8353
4929
3123
7798
4950
6822
9675
7801
4436
2632
6363
5909
5409
1368
3832
1100
2271
1465
5680
7305
4919
784
3437
8225
6281
3477
8698
6133
4403
6025
2971
5834
9007
1042
1581
5073
8331
6797
9633
4427
7879
9623
2537
9372
7690
352
4734
5234
5156
2076
9146
1806
2877
7553
5630
6204
936
6411
3562
1754
5520
2763
6290
1370
9695
8865
2992
2980
3750
7124
5866
5225
7702
7180
772
4989
967
204
8214
4282
7578
8946
8938
15
4835
8921
6925
2167
1580
7935
6247
9521
558
4301
8863
7654
1539
5316
2458
4698
6604
7174
8039
333
754
6601
8380
6570
8797
4411
3082
4993
2759
6671
9780
4121
4620
9650
3970
2007
9975
9236
3129
1636
5953
7675
4681
8507
1662
6425
855
1343
7385
7597
8060
163
2202
4547
8045
8739
6128
2034
7646
4526
9588
5857
3051
8677
2740
9271
7970
6797
97
4866
2853
6882
8918
4148
8310
5801
8614
7124
9958
5791
7262
8042
6425
4085
1218
4871
2754
1843
9853
1360
9426
4699
5599
3211
9528
5330
9475
7887
7126
6728
1159
4883
2757
2076
956
4629
103
7193
1154
6894
3662
5029
5039
5899
2976
8390
8550
977
3694
1914
1911
6804
8753
635
7813
9848
6663
5833
5045
9129
9009
5423
1554
5579
8777
6076
1640
4183
5500
5338
1099
7312
8855
2121
3112
962
5619
1411
5486
7785
5103
7793
3484
9970
4070
732
2782
9192
1478
8083
1693
6877
9427
3191
1243
1699
7690
3495
6841
2202
2125
115
9929
5982
8264
6375
9499
2818
7013
678
427
5020
9420
2351
9380
6854
858
929
8941
3923
360
5633
2104
1536
9883
1245
3225
6650
573
9463
4420
6335
2288
7758
7350
6418
4859
2323
3484
7543
1596
4039
9185
5410
3426
2130
7822
6730
6008
4055
8020
2511
2574
1535
7852
8116
1913
956
8812
3372
844
121
7470
5427
9013
5770
35
5366
2993
9288
2213
322
8148
6789
7774
8402
7444
9857
362
6515
1532
2724
1405
9820
9425
7002
2489
6250
4651
4733
5297
10000
3636
4948
4898
4628
9325
6940
282
9581
2470
6596
4952
3844
8000
6136
1732
4286
3789
7488
4369
7270
8804
8264
595
5706
8206
1828
901
3959
4947
5712
3539
6206
2018
8709
982
4010
9334
8203
9450
1043
3977
2917
6957
8392
3325
2005
175
8400
4915
152
1300
8287
6955
623
7760
9802
4219
2991
6282
4948
4839
8727
6169
3848
4003
2763
1367
8324
9716
4121
9880
9686
6399
2193
2549
5216
6312
271
9034
9143
53
7234
953
9246
260
2540
8397
8993
4842
7724
9169
606
9312
3662
6023
5836
6962
1251
8066
779
9929
6794
1224
1598
2252
6918
2675
7723
2554
6905
6666
5233
8176
3215
9059
2565
2744
1652
3685
4343
8476
4633
3542
9121
5930
100
8865
9367
7988
2336
4404
7571
8170
3166
5591
6507
3783
4796
5379
9782
5784
4571
7978
7278
5307
9031
9916
2292
8713
9875
1237
1890
7379
653
9903
3813
3399
8131
5595
8162
7308
1613
489
6635
6577
6873
3257
5491
7845
5686
173
5725
4378
8796
540
8962
7548
3305
8025
1622
6613
8506
6355
769
2552
3865
5695
1895
5154
4194
9405
9390
9593
714
2850
3462
2779
7818
9976
8117
3294
847
6152
7157
9609
7325
9726
882
2729
6253
1058
2545
1547
8043
945
6406
5628
1579
4648
5437
5058
3222
1272
4387
8144
8155
46
1030
6875
5465
9930
6502
9606
8710
4929
6100
332
3845
3809
8203
208
8607
7275
9350
7226
871
5752
4376
7268
9727
6519
7224
3893
3628
1676
1930
7894
9510
8543
6228
8168
7592
6250
9906
1117
6416
7108
6963
1863
9731
9238
8079
8491
7251
5918
1988
6116
4833
2653
6104
614
3073
7908
2002
5421
8166
631
3630
6994
5907
9248
207
9018
146
2284
3206
5151
7857
7559
1334
9636
9485
2413
3427
3096
3496
271
9798
3407
3953
1296
5575
8237
7020
6719
8500
329
1151
6729
6203
3728
763
3232
9601
444
6457
3950
6723
4610
1314
3252
8272
4571
9265
2860
3305
6053
6833
521
7189
3059
2662
7705
2552
1920
9602
940
6651
5853
4549
4754
9570
1635
5924
1879
4867
2558
9702
5283
5071
423
5867
8905
2161
3795
8173
4344
5207
6853
1321
5501
7430
3511
2367
9933
6030
1834
276
4011
1897
6258
2659
784
4674
3902
4535
5353
7439
2516
8029
7640
403
204
4343
4413
7573
3914
2652
460
1953
5985
6117
5604
6155
9430
3296
4908
9727
4777
9914
8606
9963
7950
1123
7128
6579
4187
1463
5029
5007
6483
1184
4924
710
9384
4010
329
29
6433
660
2791
124
1673
413
8095
1268
5188
4717
5536
2870
6308
8037
5795
377
6824
5475
7071
937
4201
6584
2364
1354
3997
5413
822
172
7931
5762
3305
8206
9859
9280
128
590
5094
200
7736
9264
9620
7479
2919
6302
2838
3015
5600
2500
2840
7038
7442
9670
1650
3993
9024
4609
2230
4525
1523
4160
1812
9960
6473
4271
4659
173
3109
2312
6554
1102
998
4914
669
3436
6899
165
1012
4490
4949
6553
204
8380
5130
7852
3128
5728
2546
7473
1188
4289
4221
8367
2063
6800
3484
3106
431
5663
4882
7837
8068
704
905
2853
9701
7466
432
1992
4259
5406
90
7490
54
6998
5267
158
7265
4532
4077
2323
511
2286
1459
7246
3716
8000
204
1017
796
8855
4662
3782
9293
862
4197
5332
9584
6964
1251
596
5076
7213
7109
4064
659
8489
1880
5417
3071
9986
6485
3265
3662
9977
1002
7458
1123
1482
2481
2765
5702
2900
7028
3907
3856
6084
3296
6192
5861
2030
2170
6024
1939
6217
3173
2643
4565
8525
3007
6830
7770
4585
6429
8584
6747
8883
4384
7150
8533
4017
4194
4312
2041
1333
1266
8390
6123
7815
3856
3320
7397
6938
3789
4823
5864
1216
7
6428
5935
4408
7303
1016
3780
4542
135
8805
5835
2473
8855
8166
521
7953
186
2796
8558
676
2922
1228
5995
191
2710
2745
871
4802
3581
3005
6467
5367
4365
3486
8403
6579
4018
4769
8471
5083
6441
6341
509
7408
4482
6174
6266
7188
7831
7044
3129
9392
310
2617
1614
2921
7827
2296
4902
3931
2900
6778
5571
2365
7037
6430
1066
4468
8580
5675
3145
8179
9411
9962
9079
483
3163
2420
3906
6966
6812
9099
2681
3946
2389
1860
1386
1106
5627
9649
5708
8207
7098
2205
4431
9851
4353
4879
1724
3909
6478
6974
6131
4759
8326
6513
6841
7218
7919
4094
8111
2392
5662
8421
5813
1850
9039
6173
3342
7724
5788
5058
9656
2886
5389
3588
1535
230
7965
8803
6689
9872
1818
7214
5240
839
8936
5845
9333
9375
8477
8906
3730
9286
6137
9305
71
9644
2639
7534
8322
3577
3377
49
5204
8547
759
7275
9681
7831
3293
24
4365
6206
3861
1858
9863
6353
7407
4614
9557
4625
1429
5260
4825
6407
4150
5598
8223
2678
3736
444
573
1948
1416
6891
1839
8106
2498
209
8115
5704
6270
8307
4525
5864
5157
5381
6210
8715
1065
6523
2519
5553
9763
7054
4921
8700
5155
5283
4609
3223
5219
2708
4884
4593
4745
8387
6428
2648
2448
6802
5544
7331
1086
1630
4226
8210
7155
9532
6412
577
5350
4058
5940
7061
5494
4225
6014
97
7573
9501
2702
8747
3236
8355
7881
6186
7728
8423
1616
152
2047
5826
5105
4274
5919
4058
2327
3914
7801
3388
3021
2481
4379
9068
6389
8907
8113
3592
1927
8827
958
2004
7011
7028
7589
4559
6489
4929
2555
6379
7258
9196
6782
3494
384
544
9430
7784
719
4927
2072
8235
1328
1386
601
2025
1950
482
9359
4716
6915
3178
3711
7994
8736
8732
4623
7973
2623
5144
4062
1542
752
7876
4752
8850
2347
6077
3481
3318
5717
4325
5478
4332
1027
7664
9376
2792
1449
2614
9054
2298
9891
7358
5755
2984
4901
405
9711
1661
1
4833
7279
3142
2611
2409
7629
2123
3247
6920
3353
5146
4649
8265
6018
9967
9185
7836
5307
9871
8827
8020
3279
8313
2190
123
9591
4798
5794
8839
4515
8726
95
4635
3915
4091
9992
4939
9531
4970
1592
6782
1605
5770
2432
8689
2091
4671
5069
3150
813
4420
9099
130
5248
3686
602
3863
6729
72
6839
2496
2354
1870
4789
6924
4564
326
7330
543
8304
3240
2065
7868
2282
1011
6813
2694
7173
8451
9890
3684
9699
908
6147
6420
7634
8978
5572
3037
9134
4429
6141
1170
5326
5041
4558
8308
3658
3709
2643
5704
7033
780
7901
1795
8942
1203
5291
5746
6946
941
9348
2804
6871
9624
4170
5530
2385
1381
5141
9646
6830
3803
8357
8507
7106
7555
1779
6661
593
4540
281
3180
2495
4689
3184
8475
5966
9153
6515
6698
2770
5702
4956
5979
8725
2494
1597
9964
5358
170
7188
6669
9130
1047
9221
3869
2402
8387
4925
6419
40
9182
6257
6407
4299
4188
8454
553
3768
8823
4930
8497
6373
7259
5045
1375
1183
9953
9363
6086
536
4634
347
1292
8591
6650
8566
6442
7465
3913
4153
3180
5799
3675
3988
1271
4661
3670
9659
5253
3603
9995
4122
905
9152
5246
73
8586
8579
4707
3433
3614
4738
6605
9472
722
8305
3660
7626
2830
6800
9076
5422
4569
4002
6439
4868
5900
3208
7293
2022
4011
2159
6239
875
4293
6852
5973
9085
6810
6374
3358
6584
514
518
5845
1058
7809
5541
7774
2660
2394
1042
3644
7660
5400
8581
3758
1473
6045
7294
1916
3040
6335
2040
9413
8895
5727
4460
5697
9750
4953
470
6303
8098
1499
8030
6791
4040
5082
7243
3201
7554
9148
6083
5414
8148
3202
9671
6438
4021
5712
8068
6137
6708
9699
1550
7962
6612
155
7521
5268
6152
9822
6459
9594
1548
2342
4157
3352
8387
5253
7110
6108
4505
9878
7530
70
6594
7208
3534
9538
5571
2587
7192
8901
1210
5962
3417
1117
3601
3977
4990
7472
4090
618
1740
3972
2168
5033
1566
9170
9804
3949
5463
4204
122
5059
8749
3254
1236
5886
2531
1124
1063
9228
6240
3894
8080
5386
8004
1339
2017
9227
2384
5790
7077
9383
9445
8584
2573
3866
6261
8943
8246
2254
8602
3894
2386
8028
5125
531
8961
1463
1854
3536
9158
2478
1761
7220
9700
9295
7419
5046
9115
2703
7695
2543
7393
3011
8399
7662
6764
5294
8026
3111
488
4897
694
7424
4440
6838
3621
8477
8689
8187
8006
4370
9579
2904
9082
8376
4848
2742
3384
5546
6579
5488
9847
6416
6904
3972
4933
5352
3507
7988
8003
4192
5836
24
5975
7223
309
2045
7883
6844
5915
1253
186
407
4312
4965
121
4474
2395
3618
1810
5426
735
4098
7333
6936
802
2404
5693
1003
9747
7799
5998
8657
6153
6407
8014
5997
5485
9809
1523
3355
5904
2171
3589
593
5208
9163
2474
6308
4050
7375
7630
8804
4077
8785
7047
8762
4038
6961
4198
491
7786
2097
823
758
7331
6442
1869
6475
822
3694
526
9255
1725
1649
215
7827
9039
4812
9125
7643
430
3155
6021
7828
7926
1297
4569
8339
7638
8290
6129
9848
8161
7330
5486
2648
8448
3660
5433
3119
2826
438
1047
3647
2472
8559
8200
9780
9640
4650
9898
270
4243
8912
9450
2104
8901
3856
332
3322
5393
4045
3736
9579
312
3968
2277
8088
3875
3824
7798
9302
1337
7802
7406
9796
3890
2633
9751
6466
6611
1687
6706
1522
4727
7972
9440
2738
7680
1431
422
6772
6713
2867
5219
8141
1203
5150
6104
9695
8958
2879
9871
5657
2246
777
4059
2323
8283
995
9749
7033
1175
5201
9730
1353
5769
5758
3436
842
1400
1833
8421
8796
6105
3497
2045
4769
5941
4279
984
7316
9307
3162
7199
1427
3327
3479
7047
1328
5609
3127
2244
8592
5651
6444
4700
7205
8583
3352
2614
1846
907
3626
7729
2286
7264
3224
1412
77
7970
1802
6512
6261
2405
9179
5969
1042
7346
9792
6814
534
2691
8554
5026
4072
8548
901
2029
4848
8635
4614
4867
8805
8110
4685
9558
8266
1568
718
6420
176
3805
7764
7578
3977
4652
4620
6845
8550
2500
6216
6380
6311
9671
2068
4561
987
3921
8758
8292
9954
2245
4681
6463
3962
4520
6300
1918
4248
2835
1968
41
8521
6585
8314
5243
1324
5596
8451
7634
8291
2024
6035
3187
262
7763
2162
4114
1998
2916
2779
259
9325
5242
6049
3992
2309
7820
5288
6447
2886
3249
2836
3153
9233
1433
7949
8468
5230
537
7234
98
7885
1778
1701
1741
4094
4439
8332
6422
3143
9603
9526
3786
8627
3359
5206
6778
1321
4712
3619
6092
4629
587
1195
7
4892
4489
3453
9190
5587
4175
9726
7189
4423
9235
9891
1325
3992
3410
7759
8068
8037
5252
4113
5874
6005
9400
4696
1594
7451
7739
8564
4181
645
1748
4037
5975
4809
6862
4780
1639
507
6633
9774
800
6781
5262
9795
7051
6006
8871
3922
1088
1886
8821
9980
7923
6564
8765
3815
9942
1780
653
7739
7980
3123
6073
2806
4467
9884
1128
3176
8724
9784
1225
2194
4523
9807
5952
5758
6333
1423
6922
4008
8531
5604
120
8074
8074
2219
592
8605
8175
5053
2247
3366
3353
819
5983
8070
334
8354
9440
6737
559
2013
8377
4941
4792
8305
1579
3089
345
3744
2145
8831
7880
2685
4821
4058
4707
7485
1015
3206
2338
9050
3231
2463
6923
8159
5081
5933
7552
8763
1059
4498
6288
868
3401
693
6753
7191
9556
4754
4892
1209
9602
101
8432
7098
1482
2591
9831
341
2754
6797
4330
6208
949
1357
5654
4286
301
6194
9150
3933
7307
6512
3100
3025
7818
3889
2037
9400
7027
2408
9497
769
7508
6635
1155
1598
2002
3854
7257
6410
9786
6365
5921
6431
3485
4634
2314
5035
7268
5206
8203
425
4412
8438
5757
8809
2920
2108
9351
4686
2601
7070
5593
9158
7448
7780
4002
7486
476
2318
7289
8924
4119
4897
2036
2589
64
6247
6591
526
1887
8341
2305
3362
6350
8086
5468
7742
487
3227
726
7984
6434
7405
209
474
9953
2991
5685
9885
9074
9888
2661
7131
9859
5368
3009
8580
5580
6901
7730
5323
2170
4050
3446
5472
1773
906
2742
4102
3508
1265
5969
8075
5603
3368
9327
5106
250
724
2730
2966
1059
8119
3360
4077
1345
5852
6559
8102
350
9013
1480
2717
7169
1090
7070
3317
8536
1888
8586
7988
2447
6528
721
6174
4743
4863
3889
5202
690
3036
7345
9708
8854
8260
8111
2482
6337
6409
8047
9644
3971
8292
8098
6940
5702
913
9822
8876
211
3771
7529
8417
8795
9327
2513
7412
1582
6096
6327
78
5069
2762
4255
5375
4284
7357
525
4520
1675
4776
917
744
847
9549
6481
504
3884
1097
477
9287
9847
5917
4708
8188
9346
5935
9027
6768
5932
6012
5140
9802
4333
886
4037
4359
7171
8154
6677
487
3280
3310
8864
5654
3506
1184
489
1415
8466
8884
6020
797
645
6715
5583
1765
9933
659
9453
816
7334
1835
7665
4613
6345
3462
5
3079
5025
2353
9328
9846
6999
391
8141
1844
2129
4475
775
339
6149
4268
6777
8828
1030
8998
3086
917
8058
9548
3564
8905
1767
3200
2285
4906
7136
8447
862
6574
7522
7533
7330
3437
140
7633
5651
8232
1052
2747
2395
9541
6101
9254
4885
5432
4256
745
1068
410
6369
8546
5953
1173
3264
7804
9928
5885
7614
8108
4565
2277
334
2124
1812
5188
7078
1731
6092
9337
7381
6192
2131
638
23
1999
9077
7118
8964
824
9032
1104
888
6614
2200
8280
9406
9140
9746
6684
6489
1570
4043
7734
2888
3695
6637
3879
4402
3736
7112
3143
1222
7915
5617
9507
3058
6020
1508
5448
134
9146
4948
2855
9111
721
5968
8630
5022
7174
6168
7533
5713
2411
4134
4579
2808
3380
474
5753
9473
8193
5889
7770
686
1213
6573
8992
586
9531
738
644
3395
1680
1750
4451
5614
7779
714
2200
1227
9329
3275
4307
1120
7175
4737
4285
8036
6576
5283
8240
5084
2990
268
4080
1341
6592
8413
415
80
8248
1193
940
2369
8784
2350
7507
8970
2869
7437
7798
2480
2756
5200
5912
6398
5615
2136
7147
6482
720
5809
7190
9840
1463
1054
2185
8715
2140
7416
1782
3960
903
4472
8121
1033
1585
7329
6716
6902
1907
8444
9544
2871
2777
115
5417
1114
4487
612
3015
569
6090
1547
6043
4798
8113
3071
4875
8660
5849
3135
5176
81
5353
8657
9780
6296
4951
4800
5057
1443
3041
6396
845
6521
87
7593
1282
4783
1840
9967
231
8174
9463
6276
2562
8559
1970
3063
83
3650
9554
2049
2289
1027
3255
2598
9083
3960
8523
9141
7958
8715
9080
3054
5201
636
5939
9057
4507
7422
816
3545
373
1720
8841
1799
6008
8453
416
1215
6002
8152
8999
8281
745
9795
4879
9494
2014
9402
9848
2653
3054
5379
5665
1887
1852
1746
5292
2816
5796
1738
4189
8100
6708
8792
6690
5493
4652
7337
4274
2172
6437
1906
9390
3498
3409
9398
4783
7355
788
5321
3616
2104
1560
3764
394
5257
7767
4670
8230
4486
1341
8289
778
5585
2004
5654
2902
730
1348
7745
9308
6490
4555
3990
2324
7296
4911
2371
7905
7456
1701
8485
7142
5197
4763
4367
8249
1718
2644
1687
5752
107
366
4593
2175
4420
6275
498
9397
8307
6042
2460
4786
9280
2110
2073
5649
5607
1733
7628
6101
5919
6734
8954
5483
3806
6953
9687
5492
3883
3915
3025
7353
8457
5401
2521
4538
4505
7083
6946
8272
2631
8521
3256
9886
1349
2279
157
6585
4845
1483
6976
1656
2947
9775
7906
9910
3450
4090
7833
2476
2761
5929
3218
5156
6020
6254
227
6126
6017
2780
9348
2893
7652
268
8018
9176
2109
2284
2335
653
8744
1835
7863
3383
4811
5713
8385
4425
7564
4193
4005
4293
7988
6033
5621
9821
6062
2501
3931
228
7435
7782
3699
8883
7789
9213
9034
8294
1695
608
3485
2379
9561
8298
6541
1839
3206
6032
77
6076
9449
4118
9157
859
6874
4382
6315
7326
6767
4887
9394
4287
6442
2047
7262
4792
5747
3989
746
5630
2610
3372
9048
4270
7019
3421
2701
1721
6483
2951
6183
9924
9115
1650
2200
6562
6245
3298
9053
2327
1768
5513
1443
9386
8605
4446
5941
4825
6609
2778
6234
7796
9300
1338
3582
4077
6449
5261
6955
9101
5680
2777
9970
4028
5478
4808
6540
4206
1094
9027
5259
6752
7208
6845
8845
5060
4782
6439
7381
6234
668
521
735
1687
8880
2310
5109
5460
189
6121
2787
9543
4273
1635
1396
6591
9397
1279
8199
460
1898
6236
3256
8329
1031
7465
3027
2655
3088
5122
7725
4746
2513
8748
2620
2336
7940
766
8048
8843
4981
9847
605
6869
4980
2825
6193
1769
5250
2464
8469
401
9124
973
2500
6328
4823
7940
5455
5302
9528
5958
188
8343
6784
2065
1202
8868
5767
997
326
9851
8785
298
1400
7228
4605
4278
5727
4736
4905
2242
8058
1945
6725
5023
8513
9675
6888
3473
1322
9070
7280
7112
3591
6980
3535
298
1947
8263
7944
5930
6444
5533
5890
9889
3391
8362
9608
6180
4545
7602
5990
3309
9386
5181
7741
1790
8553
6836
7020
8648
6334
1483
7127
5481
9836
2903
9210
4955
1354
4245
7065
1411
7730
6431
5981
240
5494
9726
7719
1128
3638
4274
3942
2814
246
4030
1565
5915
1939
4539
8967
9429
5115
1443
7119
1001
7077
5994
9262
2304
5715
4647
240
1262
230
1391
9616
2329
1334
8163
4033
6063
8753
5565
6922
2921
5530
4609
6095
5951
5895
4524
5459
1695
2355
8618
2260
3255
3937
3469
79
4146
9526
5724
2424
620
7247
6511
4351
7476
7589
8479
1479
8126
7771
3728
373
2862
9753
8670
5109
3025
2013
6853
7597
8464
1316
6434
17
7012
7366
4060
6576
1717
4178
6977
6173
4729
2649
2838
9800
7554
7316
7442
4747
3688
7894
7286
4025
9452
6245
751
5868
5134
8140
238
8791
2338
977
982
1912
5059
1499
7021
2440
7048
4337
4534
388
1742
6058
5872
5816
6656
5370
9794
9613
7231
2298
6195
4999
187
2581
3696
6994
3113
473
2201
7350
9684
1261
7179
7835
4955
7991
8431
8996
2219
9655
4846
1577
7078
2820
9709
2827
7249
8153
3310
7531
1420
7688
6898
2610
9162
7130
6822
1529
2185
5125
7011
8166
4181
9137
8285
9292
6649
8462
5021
11
1000
5424
5919
6421
5153
2930
6145
2086
1528
6301
3711
4204
7028
1555
3212
3695
8557
7136
6973
9903
6272
164
9286
5672
8582
4192
2497
6528
3572
649
6045
1434
2509
8585
3896
2992
3421
7863
4529
2878
6503
2564
9805
9666
9797
3585
2760
9648
9713
9832
4658
4843
2599
596
3429
9315
7551
7459
5919
2253
7319
1355
2369
8198
3818
4651
6576
7108
7108
3432
3279
9327
5219
3849
4092
7132
4444
6022
3908
9336
8555
6661
4831
3374
2712
2349
6908
8208
4861
1307
6792
6675
2303
3703
7522
6292
6347
1310
5954
5958
4592
3672
769
1287
9935
186
336
4939
5540
6393
8943
1623
7607
9387
9487
5779
5263
2705
3458
9504
5909
959
3895
784
27
1746
4163
231
2754
1531
6139
235
4905
9828
7855
9979
734
7607
2144
5402
9086
9526
3747
325
1874
7899
659
4423
4483
5921
2483
8775
7401
1849
8852
1468
5771
9344
9872
2062
6380
9956
8966
9508
1716
8071
7061
125
9000
4188
7207
3163
180
7469
6585
1825
7855
9466
6084
2410
5271
9918
637
2844
8793
3943
5752
61
9042
14
9177
8068
9314
2713
5797
9031
7160
3717
7389
3237
116
1900
6275
1871
9836
7399
7946
3436
5280
8080
1348
6984
2919
8767
4537
1865
4686
8001
2374
205
7804
7564
3384
6774
328
2353
5501
2796
3883
1916
8272
9271
4421
6423
4230
6556
8108
5823
1669
6223
124
1367
1111
9435
780
4082
6574
3214
5549
3548
8090
5590
3588
8333
1356
9841
713
4440
7252
3497
1792
6599
6266
7461
6778
9614
4382
8679
4963
6756
7959
6136
109
7207
4569
6709
4047
8033
4486
2680
6312
500
7368
6529
5091
3938
6414
7752
6635
5088
281
1476
7882
49
1510
5636
2889
742
4854
3974
7596
2639
9563
4358
4554
7276
5591
8433
6864
6190
1979
3630
1433
9937
4043
6085
3648
863
9598
1533
7792
8234
6972
4955
9313
1970
5803
5464
3978
2027
8170
6547
3861
6751
5617
1693
5352
4870
1375
8724
143
1783
1789
3199
913
794
3996
4663
2751
6230
7053
4433
5074
4423
8223
247
6421
946
2757
783
2257
4532
520
266
3239
2923
5454
1155
2075
2216
7853
4215
9054
4782
8461
9029
1913
5197
5762
1434
8122
1380
4150
6836
420
5237
1994
1291
8474
6187
2791
9649
3167
3705
747
7477
5291
1828
4866
5047
9557
4546
3462
8884
5343
195
3939
5918
7312
1980
7927
2901
7746
2552
5456
2601
5159
9048
8601
7361
8497
9140
5656
2361
4503
4270
4762
7854
7244
4204
581
6196
1048
7835
8277
5266
696
6601
4760
5174
3635
5560
4862
24
1894
2397
7518
6459
5860
6541
4282
1239
2828
4049
6400
6754
6749
4499
116
1683
6168
5073
6973
9145
9094
8079
9296
5681
3095
5395
1206
9050
2636
988
2099
3277
9743
7624
5326
1090
2685
8396
1124
9044
2657
5796
1647
4028
1013
7528
814
4762
4996
6419
1707
5189
9404
2161
5535
4030
3541
3057
5652
9010
331
2590
9846
6488
4414
3552
8575
8487
5521
2019
8101
1708
5739
7894
7095
793
7686
5940
1742
1472
5992
2088
1021
4306
3894
5450
3946
2892
946
5117
5981
1835
5996
5014
492
9222
4532
2131
3752
7001
1795
1353
7178
4904
3388
3942
9241
1166
5121
3400
3020
5989
2274
1203
2493
2374
7747
940
8553
4149
9805
3319
3483
8984
1850
9833
9966
3172
201
8617
1479
2512
6780
8803
481
7744
6610
4628
4415
4391
6061
7740
5739
8307
2311
9599
1073
1937
3357
8797
221
2991
9873
3490
2726
8079
249
8031
1953
1648
3442
2946
8229
2517
2572
8410
7122
8392
4060
7000
8050
8107
4779
9329
1737
7591
4321
4593
4606
4076
1652
3544
4408
3291
3758
6485
224
1530
6382
5260
3132
9161
4969
8867
4241
3992
6370
1766
6274
4718
3697
9104
9652
6722
7486
3201
8510
6505
8875
3634
6454
2586
4980
246
2171
6070
9935
2141
3565
3130
721
7542
9197
8894
3428
1474
5948
6095
8568
6634
8099
6792
9318
2749
7996
401
7264
5285
5710
7981
2131
3138
7005
9584
4078
4571
6566
9460
8646
6450
1840
1189
3219
1010
9709
8076
1924
5794
503
9068
883
5100
9474
674
7553
8836
2744
6575
8936
8531
8505
1232
1097
6538
8581
4348
1238
7248
3978
7540
4145
8346
3068
9508
3745
2172
402
1661
3780
2085
7271
4267
4648
5547
2666
8739
6802
8846
6633
9620
5837
8551
2452
8898
4165
4785
5148
5287
3820
2401
9635
5904
3487
2509
3936
484
9342
9981
6833
1549
5769
8609
4250
7783
7553
209
4563
1247
9959
7381
752
843
2897
8826
1513
3019
2140
6909
2134
2689
6367
9454
4541
146
7841
4280
7224
4640
135
86
4757
8416
1840
9479
2881
6066
1446
9241
3547
5160
4608
8718
8074
9921
8557
473
5448
8593
777
6141
4023
2416
865
5892
8522
4494
8358
8975
8997
2638
8799
9268
8513
1604
5598
7350
3532
3163
8168
9806
4409
8945
7987
1491
4268
8210
2868
8684
525
8879
7082
4067
1063
8866
4903
9469
787
8013
4729
1336
4085
4255
6160
3741
6018
1266
7279
5706
1580
3320
1661
3275
1976
1997
5426
2934
5822
2102
7714
152
7176
5946
3152
8163
9975
7342
3469
8316
4104
6696
830
5730
7404
1670
4203
8134
192
9193
4565
8683
5045
2334
5684
4319
1381
7481
2888
3864
5379
7720
8611
6248
7325
1235
9126
7690
70
9390
668
2765
2813
2268
7194
2052
787
8522
2518
5668
9570
9623
2203
8261
2413
7064
8444
4525
8086
1835
6361
4061
2407
2871
8601
9753
1150
4355
3084
2384
5921
2701
750
2221
1894
6276
8097
5336
720
2293
2610
5454
2298
9689
7122
1880
8520
3967
8161
9427
4842
6929
767
7109
2631
3351
5601
2149
6564
3117
2704
5499
5699
5886
1574
6813
7324
864
7970
13
9946
2195
8522
5594
9974
8242
2708
2883
6558
1990
167
5210
2650
7491
3752
6411
2053
5719
9868
4347
6801
8697
750
2578
5608
1267
3857
2578
2406
607
919
384
2740
5794
3453
2080
2147
1824
3286
8714
6297
9837
1795
8615
3934
8044
7747
222
5955
3255
1400
7217
1198
7696
5131
6478
4731
3347
966
5245
1059
7590
3495
5294
1477
1702
1532
5419
3613
7472
7356
2738
788
455
6743
2547
2448
4513
1615
7257
7201
9846
521
9104
7899
8044
2968
3367
5246
8126
6190
2868
5744
7156
6531
5774
850
9858
9274
608
2788
5170
9103
3377
1367
5158
9357
6338
6908
2261
8936
6255
6738
111
9253
5371
3161
551
8449
4770
5552
162
816
5722
975
4305
8854
1901
7939
4951
7187
9434
9328
725
4263
2372
7288
3153
5788
7466
3803
6122
7484
5927
9938
9040
7837
708
6330
3259
4863
8270
7626
2698
5593
7163
2321
922
2977
1436
2142
1808
6494
7306
5231
1642
1620
8714
9140
1296
2661
2344
5424
9100
625
2962
5018
1181
9983
1511
4860
9019
4178
2169
9713
3969
9418
3221
5591
5315
4493
1784
2731
7897
8295
4292
1667
2013
176
8330
1459
8088
6003
2127
8070
3859
9157
4757
55
45
9986
3965
7115
9748
1144
2510
3151
2350
8283
5023
6100
8675
9566
8318
8278
4862
1310
4625
7020
793
9540
9287
4276
2438
8023
1795
3015
9176
3009
7776
411
6810
4525
6764
4700
777
633
1609
6425
1485
7577
1605
8827
1610
2732
6088
340
2767
6466
6375
6369
9571
820
3163
1998
7298
4480
6509
8752
9264
7552
3076
9021
4189
3633
1192
603
715
4803
4824
9996
7477
59
1668
3320
6491
1166
4629
399
4357
6626
6351
6446
5094
3449
2667
1404
6908
8542
1108
518
9878
4046
6188
5864
5530
2792
9737
3490
1337
6216
1045
1486
2576
172
6515
1036
1402
2527
2829
8522
8294
3802
7556
1133
6938
889
9863
1955
7431
4415
5369
7901
8551
9582
3792
7967
5076
508
9782
8553
6210
2968
9353
6011
1343
6155
7729
7210
8355
9774
1058
3716
4449
3439
9287
1751
2645
7788
8718
1251
4321
571
2341
2877
6490
6857
6203
9078
1778
3210
2705
583
7763
5491
5896
2604
5855
2421
2908
5228
6014
9649
3837
8707
9405
7297
7037
9471
202
782
3709
8665
9130
7532
6648
5069
9703
4391
4126
8517
4639
4989
4472
774
1789
8485
6949
5425
1219
4336
8838
1964
1133
6658
5916
3112
254
8715
4786
3140
3909
401
5372
6635
8351
8088
3323
7137
808
9470
8264
9311
886
7923
9930
7635
5350
8091
8886
9620
8582
92
5102
6931
3070
5007
3186
7797
4856
8714
27
4116
6394
3731
2886
9469
8302
1263
9834
9006
6319
917
8849
28
6445
2975
9910
1102
5687
5499
7439
3608
7097
4105
8785
7933
8984
2507
4123
224
7415
5826
8755
6557
6367
1716
6164
5335
1711
7022
1554
3362
1176
3667
7106
7613
6915
1061
7488
6113
8500
2690
9182
433
7349
6998
2255
52
2727
5939
1797
9167
683
6721
5204
7801
5032
8807
2899
203
1739
9713
8750
4646
9461
2794
7245
412
7391
2988
2081
6676
6470
8621
551
1962
5883
6384
4652
4949
2145
3959
347
5573
5840
1985
7253
7966
4683
5972
4965
1013
1657
909
8765
9970
5150
107
2808
8703
8648
9792
5259
4189
4796
2416
7618
6666
2329
9260
5370
9891
9886
2135
2253
3534
2166
3783
6902
1103
5357
8293
4049
5831
7516
9530
4931
3706
2835
592
4553
10
9389
7732
3050
3491
3330
1170
8857
249
4932
7226
4341
9566
8627
1364
9441
7010
2017
4174
6996
1783
941
3689
742
8014
9406
9199
198
4816
73
6949
3178
7206
8072
3775
502
964
4268
6326
1439
9612
3809
5724
8868
3295
4362
6492
6019
3894
8939
9631
8639
1161
9527
789
9519
5230
3386
6858
2843
7773
5767
1229
9880
6413
5142
9789
717
4204
1441
4728
9638
815
8588
8260
4374
6654
5327
5376
4823
5909
42
1686
1689
3594
1577
2600
4753
886
2489
7657
2175
450
7930
5230
8386
9824
9872
1930
4019
9004
7337
9648
6080
7190
1594
8295
2458
1901
1233
3163
2592
3945
9144
8070
657
3903
7172
5884
1070
2675
1052
1497
6051
7273
6607
3765
4421
1635
5795
7344
7532
7541
6961
4155
2054
7541
4566
1185
8265
7765
9685
1473
290
9852
677
3267
9099
366
7805
3462
7424
8675
5348
301
7863
4090
9298
380
7163
3455
2638
36
9386
4971
6028
7809
3836
2642
833
7330
8926
5213
9426
3111
7306
923
6019
796
1932
8402
5387
2480
4837
1858
2710
3898
4120
7181
8388
957
6567
7732
5241
2537
4269
2038
3556
6991
2838
2415
1288
1491
6280
3397
105
3600
4298
7556
2437
22
3261
7674
6486
6933
8595
3917
6986
8605
1728
4089
9625
9666
4413
6793
2770
291
4845
1289
6819
836
5092
1260
4553
7873
3738
5332
9162
7046
7541
8063
1325
2217
8370
1103
2583
5576
4537
5960
1768
5633
9571
2919
9776
7722
8671
9624
947
5268
7511
4431
701
7295
1638
1126
1823
1277
1534
4129
5136
8314
1604
4759
6600
6235
337
5575
4522
3764
5199
778
2669
1121
4137
6007
8558
1425
1690
3364
5901
1321
9550
968
5468
4572
4282
5761
6821
334
9506
2401
8214
3883
6652
1689
1814
3381
5650
3323
9751
395
1848
6277
5906
4009
8175
5511
3505
6192
7650
2297
5604
304
119
3289
9206
7803
7304
8210
7649
4032
5991
8902
2523
3804
3067
2724
5608
9719
7129
6034
4219
9952
1336
782
1914
208
6867
7517
6875
3789
3592
3125
6177
1223
9417
3046
9396
9496
5629
1795
9255
6882
1644
1145
2198
4435
7897
39
1839
8225
8549
4871
5666
1993
4173
4715
6426
979
766
2333
8262
7498
1409
5186
6869
2731
4523
1531
6829
4908
3838
7208
1542
9808
3404
7515
1084
5895
6525
6728
1982
6698
7418
8288
8250
9969
9929
6416
7227
7144
9953
6622
4485
3005
8496
3973
1484
1212
7555
1905
2347
2233
6798
6194
5495
6760
5403
6482
1118
9835
3873
4912
8943
7479
5389
8565
7957
567
1945
5643
2761
1261
4416
5270
4403
2696
7279
3466
2048
4183
1499
3269
7847
5545
1114
75
2456
1570
4183
2646
7401
9476
3363
3936
2471
6175
5380
6934
8831
3580
8105
7000
3455
5725
8135
4489
2191
3185
4182
9414
5948
3984
9357
5255
1754
9500
6652
807
77
9316
9964
6951
8128
8374
4801
7449
3771
9597
8246
9229
9943
4590
4294
7766
9070
2255
2332
8599
3494
8586
719
2597
5258
8665
6696
642
434
6717
7179
975
3340
841
9054
1691
8995
7719
6793
64
2300
5938
1960
7343
8511
2795
5298
3760
319
463
8424
1136
604
9768
405
2574
2599
7895
1321
8943
4527
1780
6414
248
9658
7867
6960
7930
6817
3455
8578
8657
2630
6407
3689
4426
9383
7690
9207
1516
2285
950
541
459
7827
8648
7069
33
9416
6767
8577
7522
5890
7847
947
880
9092
8878
3664
1375
5323
1553
4463
3311
382
2898
1239
1213
7786
7261
6211
4626
9992
9125
1750
7749
4752
6716
9088
7833
473
8945
3986
8458
9260
2184
1073
6589
7032
3964
4385
3354
1996
5075
1532
6045
5143
9806
7928
4636
9517
4893
9414
7042
6862
1689
1361
9222
2846
1347
6864
9491
9665
2558
4795
1101
7750
6157
7456
209
810
3406
554
3776
4381
5866
6241
9711
6972
6580
2701
3667
9513
6550
3392
5392
4331
5138
9213
3901
7315
8359
9830
4548
7827
4110
31
4652
1448
9243
1834
8857
2290
6171
6252
4294
1621
4472
549
7577
5467
7708
795
3066
7212
2861
4612
3730
4950
1386
8642
2845
3178
2901
3069
268
6358
9869
6146
6288
3850
2691
7497
9734
1289
3860
5207
1336
5981
6662
7359
9921
7685
3356
7881
5382
5315
4189
7547
3726
8965
2545
5485
7207
56
3601
3343
3655
5152
2880
2781
7870
4536
3952
3663
4902
6646
6502
5758
1625
5302
7426
8456
3895
4663
8583
5345
4774
9581
7651
9482
2500
1399
4415
7111
4376
5506
2478
2167
5860
9458
5567
5988
6431
2007
9185
6941
5661
569
2977
322
9810
5124
3656
2752
9469
9205
5876
3692
1049
3051
5893
7612
7435
7272
1678
8907
9122
9029
4764
3885
2382
2775
199
2018
4366
7517
4731
4345
6468
3788
2263
6767
3104
4321
5025
1796
2140
3968
4573
3124
2929
5203
7773
5372
1027
5328
1989
3942
8499
2197
4570
9889
1548
8996
2434
3289
8036
8896
9856
3681
6031
800
7315
3686
5781
190
5990
9544
2807
1784
245
4572
4170
643
9145
3906
7364
8245
5060
4278
6558
1073
885
8331
7021
7462
6285
3505
9961
3513
5246
556
8787
8653
949
9413
7443
904
2405
1377
1788
576
6027
8764
393
7516
6624
7444
5704
440
1837
8444
631
5625
354
8387
5886
7348
4084
6491
3685
162
1658
6022
7359
1466
9943
6515
6391
3984
9057
947
5352
7731
9477
7031
3177
9247
9301
7988
210
5075
6556
9944
5045
9361
6195
9817
5149
9840
7450
7373
7922
4683
9248
3838
6480
3150
2817
5435
418
4417
4063
3137
3257
4617
4871
1255
244
7777
1572
8388
9718
2674
465
9032
9430
6903
7368
9333
5769
9466
7276
7039
4562
6658
4481
1981
4912
2669
6557
7850
6686
5888
4043
2970
2997
4650
8417
9144
6257
8422
8472
8104
3152
1186
9898
7458
8763
4699
5708
7287
1050
1138
3674
1515
6540
8232
6221
5638
3859
736
9188
9201
9850
6066
6703
9667
7695
692
4122
2735
9457
9112
7126
8787
1890
7458
9112
7086
7186
2174
4869
6078
6198
4728
4103
6377
8615
4582
8902
4989
1964
7786
3909
9313
17
40
712
5869
8499
364
7360
8306
2006
105
5320
7956
9386
8047
6134
8260
3958
2887
5299
6525
4288
6846
6641
5757
3017
7883
7823
9391
2370
6249
4487
6165
5807
7810
7710
5010
5278
7247
5089
9798
6945
63
7890
7110
1763
1618
1076
2643
3621
8944
3637
4712
938
9065
6400
1585
9537
323
6794
8370
697
7081
4351
9642
3509
113
4427
8267
9848
253
34
470
415
6645
4990
1249
8969
9302
9332
2112
2325
6828
2366
5326
1838
2606
9438
9308
5442
1734
943
4450
7516
8955
3851
6700
4072
9879
4874
9610
8122
5200
3057
1168
1549
8072
5119
9034
2518
5188
1098
1264
1748
5578
1664
1232
6683
5356
4404
1143
8632
3200
7833
1161
783
1422
1686
1295
2218
5855
9865
3520
544
6927
764
1318
9343
2660
845
7112
2400
9550
9515
97
946
2661
749
8041
3029
5866
7607
4224
8758
8414
392
3132
6666
323
6914
1952
7350
3662
2314
9016
7911
240
5780
918
8442
1936
6431
2923
3699
3764
5297
5984
1175
8413
6772
6190
2424
9646
3124
7291
1034
9962
7510
126
3606
9298
6077
6960
9648
1027
8824
4001
3419
7391
2423
7707
151
6459
196
1623
2586
4910
8387
3173
5329
4658
6368
2215
1640
1793
9839
6659
1597
542
749
3654
3428
7393
5269
4762
2575
1010
7543
2950
792
2214
2984
3885
7851
6317
6936
6083
3733
8019
446
4009
1347
1162
338
4825
5575
9925
5813
702
1620
5280
9726
3632
3845
9511
397
7320
1511
9934
5798
442
7385
3876
2054
9734
9671
7374
9291
9981
13
467
8668
6068
7203
7895
2022
5490
1873
692
903
4561
9371
6847
2528
116
1314
7329
6426
8928
3623
6816
1074
822
3208
7576
9891
1056
7497
823
8789
6419
2153
1483
211
3875
7037
8055
9796
906
1173
2301
9179
808
9221
4267
9208
6707
2897
5644
1865
3461
9153
3754
9084
2769
9699
7784
264
1043
4168
6907
8447
5136
5299
3939
5706
2329
4501
5333
5949
4546
4414
3673
7861
1475
4665
1558
5711
4523
1430
2177
4689
8216
5177
3618
904
5810
1325
2742
1810
4332
4708
8945
2171
2320
3135
5944
1497
6058
5939
8230
965
3124
3719
7339
7584
3211
4784
6589
6346
6492
6689
8520
3694
1821
9081
922
8513
3607
7346
3329
4650
8075
2962
1364
4623
4000
6644
3540
1851
3609
3510
4489
5225
9550
10000
3033
592
7472
2917
3596
8118
4707
6332
5466
9549
8930
9097
7988
7695
8539
8304
8567
7024
736
1976
5576
8984
6124
3104
8688
2334
9510
9114
6658
5590
7757
4233
827
948
3792
4150
5535
2983
4635
8282
1938
5306
4144
852
8439
6382
4480
4405
3061
9305
7502
8893
7270
1827
6634
5969
8251
442
9874
6120
4234
6436
3535
9421
2555
3554
9001
2470
6695
7857
4486
4120
776
9767
2636
7878
5574
3473
4339
8259
2896
9936
9440
991
4489
5961
5278
6761
8740
7730
3282
9774
7709
494
2777
1244
8589
8638
5390
5713
6352
6334
252
5534
9902
5435
3454
9843
6773
8736
49
9428
82
4700
5459
5511
9453
7785
9455
3010
284
2943
9050
2178
8726
7828
2705
7456
1505
7652
9288
4323
275
7724
4503
1916
9219
1042
2948
1433
271
9934
1084
8326
2076
578
2148
6380
6339
2728
788
8588
3103
5276
2555
5340
4721
306
6907
2636
7545
7291
1030
4479
6675
3788
2281
2900
9367
9353
2384
7296
6320
469
3494
5047
2702
8671
9059
6976
9199
47
5757
4340
3009
1416
2624
2204
7511
1493
2645
9946
6684
3319
1595
8711
9954
1267
9681
7704
7179
2457
3054
81
8272
3006
5838
3371
6864
6332
4214
5818
4937
4637
4653
7202
3655
4009
4861
2412
3939
3885
4645
4495
8639
4777
8883
4115
4937
1830
8407
5240
454
4327
6429
2329
5495
8360
3061
188
6087
1859
6558
9073
8440
8579
5780
5025
5804
9223
9973
7093
2916
5605
4431
2296
6686
7094
6460
281
981
6394
8309
2781
9136
3619
2764
6213
3036
6888
7728
3631
5471
2680
7431
1066
9578
1434
3707
3796
7508
4859
5704
9906
4505
4330
1806
7431
7914
7297
8503
3815
4814
8909
4099
9045
3404
7378
478
7324
3524
3141
3812
1099
5611
2346
6514
9548
2295
7593
4812
5513
8603
911
6672
629
4585
6802
3504
1050
5151
9475
6079
8324
4374
756
125
3973
4482
1175
926
6917
9209
4448
4069
2005
4477
5108
5993
2294
9530
5061
152
1658
8633
3173
7056
7815
1494
423
205
8104
1212
88
1319
4643
5347
636
8192
2807
587
9367
1123
4095
1497
9402
2566
8601
6939
5090
8814
2699
6987
3873
676
3080
7961
3097
5389
7083
5299
8368
3184
4769
2828
9412
8664
6864
8185
2646
6844
5940
7484
6857
1929
4275
5210
8474
5354
7138
2866
1366
7019
1866
690
2893
6931
8444
3410
8710
4110
9916
343
7043
2642
4937
4879
9379
3790
263
5489
7637
9478
8578
7111
262
2502
1688
3550
8399
2623
8183
5370
3436
7095
4907
5015
1679
2599
2453
5431
3668
3989
4567
6503
4253
7380
3361
3969
6221
1222
5970
5096
4977
5087
6040
1610
9323
7796
3252
6993
5634
7927
4012
5320
7894
3637
9389
6893
7851
1013
5846
8005
2806
219
8177
9703
6661
279
4582
8511
2970
6131
8513
7473
681
579
7090
9752
8766
8164
5323
6003
8259
1754
19
4083
1416
8167
438
8164
3792
3741
4159
4699
3146
9874
2248
2490
3201
7959
2653
4900
6568
208
8396
3625
2760
9140
7936
8918
3892
7980
8798
7429
8416
2283
609
4139
7244
5531
185
108
628
6034
3091
4768
393
553
6851
7392
3396
9242
1050
3434
7288
4743
4738
7357
4844
8052
5260
1942
9463
876
7722
6896
2843
4238
1854
9096
2205
2537
7657
9777
7767
46
9971
8761
8150
1591
3216
3180
3018
9049
4412
8421
9048
8618
8911
3077
3501
8861
6564
7039
7079
5236
4539
9170
7364
9370
3614
1741
2828
1657
984
1147
3794
639
5644
6447
4469
6590
781
1667
8950
3970
4634
5100
2322
5296
5909
20
1965
2786
9879
77
4044
4589
9063
834
7191
4316
59
1005
4713
2490
6918
5711
4442
2621
8978
4057
6409
1899
5144
364
4157
1058
8266
3349
5542
4674
1954
2471
6107
2334
5194
9803
3328
7687
1683
1663
4436
5327
2789
2761
9129
9351
3970
922
5077
5870
1634
950
5097
3479
1135
8618
3078
3208
1720
9787
136
9573
3790
5616
3314
5605
7653
5535
2870
4986
8014
4698
4605
5834
81
2501
3280
8484
4629
3270
8051
9083
8908
4800
6707
6785
6237
1876
6218
1133
4900
7259
3597
5417
5367
6362
3489
8218
4081
388
4963
3286
2388
2926
7747
8788
8295
2091
6140
909
1477
2034
6955
7670
8074
6704
4304
2585
9761
5533
6364
3986
4098
3128
4187
3233
7569
7669
5475
9898
8504
3358
8130
4255
9122
989
5156
9803
7694
8382
4562
5026
1332
2086
98
5691
9500
8762
3886
4114
9499
281
7786
5402
5619
7852
4749
3137
3385
7356
1215
3243
9244
4510
7993
6089
825
4996
1681
1873
8165
8600
6433
4216
7973
4316
2454
4592
7103
8742
7258
9975
539
8363
287
8283
4962
1967
2789
3017
8595
6519
1917
5281
9440
6834
3256
6725
2941
1631
8928
4415
2973
709
8892
64
3801
1267
4451
2088
7503
9276
626
4163
6442
7812
3785
4050
8302
4771
2920
9932
1491
1245
9795
6265
4689
527
1625
1648
2363
7805
7853
8012
4353
7489
438
5021
8722
5086
3378
2947
5807
3577
4444
1682
1603
3808
5430
5848
178
849
4526
3090
8463
3499
268
9928
5520
4051
1101
5864
6297
5958
4650
65
4127
2136
9287
2169
1534
4591
7429
5542
6840
9125
1690
523
2135
9306
642
5213
4102
190
9259
5496
7830
5562
5127
7064
7593
685
2773
3990
5505
8360
3922
7695
9625
5393
6352
3072
7177
9772
5702
5230
3732
8112
4568
8951
8833
7229
7906
6406
8822
4391
1719
1347
7645
5451
3744
4790
7729
2926
3363
1861
577
4742
3706
3213
229
6017
2168
9404
5000
6101
609
1723
5334
5195
831
9150
4719
9730
7206
1215
9748
5961
8340
8636
7832
2198
3124
9560
2138
6248
1095
659
4452
8418
2944
682
1993
2056
7905
7870
7243
8935
2097
193
5677
5698
343
9042
4210
6409
9778
1251
2828
6317
93
1939
7145
9749
2913
4766
3266
5594
2737
627
608
8760
5129
2115
7515
2335
1546
4566
9754
1067
1015
4120
1604
5885
6517
7255
8338
3314
7659
1524
1290
6787
7580
7530
9467
8789
1893
5185
4619
8087
6466
2841
6840
253
3184
2569
6751
1510
3789
4293
1727
8538
9621
6306
8068
8152
100
4867
6773
5311
6343
8580
7951
7767
70
5013
9318
6526
729
1644
725
3391
2074
2567
5475
8759
8004
1646
721
5997
2576
1901
5320
3073
8398
6505
5978
1805
3159
9108
9983
7156
2298
7043
9746
1875
957
7185
941
6994
8834
9470
617
8453
6511
9796
3746
9379
3824
9163
5164
5361
8526
506
2778
3129
2732
14
1872
1835
4362
9294
8210
9523
6548
518
2740
6333
2121
1623
7318
7094
8164
1657
2998
3412
7186
9505
5102
5991
3460
5418
9483
3189
310
3842
6585
2914
6915
5301
4641
1612
8345
8245
5627
1300
1687
6313
5198
6966
5204
8409
7708
6740
5859
9942
3691
3553
6233
7424
6419
1719
5276
6402
4787
7939
3795
7266
8697
2630
571
5284
3202
5001
7460
1610
8356
7777
2166
8272
8903
6675
2640
1226
1625
2818
4511
5343
6524
6077
9500
8846
8686
7041
6714
3891
7051
95
7659
4823
6261
1161
3611
9496
4084
1325
3028
5257
1113
4897
7279
2101
2641
5331
4744
2002
83
6880
5417
3539
5311
7781
6105
7438
2616
907
7170
2921
9556
2398
3578
2090
6841
2451
6227
7201
7319
4396
2828
7532
9342
3011
603
4897
6867
3854
859
5012
18
8377
105
7208
5405
3399
8139
7449
4715
1468
429
5709
6885
8056
8360
3940
2541
435
8313
8480
1509
716
1703
3164
9305
2670
5649
5694
1042
6687
901
3645
2260
6309
4138
1822
3733
1421
1294
4751
7261
5437
5213
9589
2833
3175
7294
7438
9095
3983
7255
2374
9219
3050
4799
7609
7594
9070
2918
8794
2778
9938
2874
260
6535
4897
6551
7954
2916
9006
9806
1127
6707
2741
2235
7723
6009
948
7019
6184
5996
2091
2164
306
3910
7147
571
4599
101
5966
351
2521
2769
9389
5005
6087
1289
4621
3486
7045
7674
8411
9724
2946
6187
8258
1179
4869
5200
7475
2417
8119
3310
7032
6219
5251
692
5809
2980
9479
8822
4409
9093
6008
6111
7724
4181
4623
8002
5856
1914
7414
3882
9883
7140
3750
7009
5383
7685
8406
9751
6286
215
1710
8394
4182
1880
6140
6421
6101
7387
2862
7687
5452
4482
6907
8464
4526
572
9510
3261
9695
7408
7310
8917
624
3344
9793
6104
6753
7066
5249
2792
2415
2838
4793
9228
3615
1327
8469
7076
1563
6525
6329
8651
9509
5520
7791
6854
3557
7573
1818
646
6070
6759
8191
8898
2026
8873
3896
7045
9213
7235
2593
1481
5036
3143
5793
393
2739
9364
704
3714
48
8703
6695
9891
733
8659
4946
3601
8347
118
3543
3480
9889
6795
5300
2818
2422
121
1703
2749
8367
8295
9127
5462
3797
2949
5174
7037
7678
6602
688
6482
7517
2154
1088
1380
1081
4179
8160
6788
5168
9364
6593
7570
2627
6380
4636
9620
1819
1700
5657
4
8663
6878
9697
8894
4333
861
4094
6581
3453
191
2456
6690
1680
4703
7266
9068
3561
6113
9429
6375
8398
4370
5479
8032
2248
4662
5311
4617
7534
4967
5069
7753
7553
5201
4912
298
373
8541
9666
883
1571
5513
7255
6111
4654
2790
6778
2613
6539
6947
300
9527
2229
6481
6678
6967
2530
3910
9583
3335
1025
6668
5817
5522
1935
4686
5295
8500
590
8738
656
4365
607
3851
5146
3780
5273
5935
5652
1471
7623
2275
4692
625
2991
5670
5138
9879
5360
1438
9547
5723
8271
387
5327
3464
1579
3240
4347
6434
1528
2332
7889
1659
5352
3931
1386
1983
6532
7939
610
7541
1036
624
3107
4625
9227
6200
553
5449
5715
8558
2153
3880
8367
2476
2445
7080
3506
1913
641
722
7753
8062
1465
2838
8200
7341
2054
8036
4527
2145
1740
8551
1799
5432
7867
4053
2676
284
7497
80
9009
7353
5770
7125
2695
8196
5985
2000
6504
6186
8968
9444
3975
3167
932
2770
6662
5095
9874
6576
7242
9474
4680
9866
9012
9524
1691
1808
906
5356
5333
9229
4321
3758
7288
9215
6059
9294
8014
8254
4042
7115
7524
5126
9535
7278
7996
3531
4658
3441
1913
7565
4047
6021
452
709
6233
2020
9343
8704
3340
1691
3433
8718
2445
8918
7227
3158
6294
6721
670
9041
2212
1037
2339
3614
9347
4069
1390
5817
2746
7405
612
5211
8712
9977
805
8514
4776
7160
7146
4193
8570
2072
8800
2533
4651
6166
9017
9927
983
2169
2784
9401
5967
7863
5104
6223
9144
9358
725
4066
5033
9236
3171
6274
3797
3522
2861
1651
1662
6913
7308
7664
6536
9193
9961
2992
8042
3119
6763
5913
1726
5176
9471
1638
3893
1624
5098
8562
4103
9455
7672
9550
3165
3997
969
2047
6770
4584
9486
1255
9301
6155
828
6825
8637
7820
4106
7459
1170
4753
6871
4217
472
3008
4121
4339
3641
5210
1279
9314
3038
8440
2706
7835
2288
546
7686
3027
4558
586
2409
4872
9186
2563
328
8297
8444
5541
374
4574
8820
6980
8414
3029
2919
8397
9778
9653
7459
9107
9532
5380
4941
2215
5999
8069
7755
2854
4561
6954
9242
8445
8657
669
2504
8759
7770
4805
87
651
5887
7711
5716
9673
2808
8808
6463
2789
7495
3291
8861
4481
6522
5515
9636
6633
3729
2238
279
7662
8506
1172
3661
4223
9127
5449
8888
3664
6968
5104
5102
9947
1802
8159
7048
6691
3820
3504
111
6538
4510
137
2684
8579
327
4496
6854
9150
3218
757
1282
7838
8004
3649
1021
6366
9935
7213
2534
4674
615
2586
8579
6863
4003
571
649
4134
1126
421
1114
5125
3346
4217
3794
5462
7971
3055
5861
7297
1115
37
8786
9551
5772
8151
2900
3505
4151
4548
6990
4669
348
7473
683
7533
7556
8881
9216
5921
7993
1485
7097
369
7441
5049
9047
9500
2858
2284
5165
4715
415
9458
1446
8619
9249
1437
9389
2482
3552
5129
1230
3046
164
9052
7050
1369
4815
2024
703
5296
7107
2602
1235
9195
7437
1819
8723
3949
3123
5120
8013
4863
3359
5776
5301
6703
9683
1961
303
2171
6453
6374
5720
9589
5706
6776
3185
3867
9528
9545
9221
1692
5204
1695
4774
7369
5804
5057
2590
8236
9881
5634
823
6856
3981
2511
4644
6393
721
2526
1408
9393
6254
3055
7148
4919
504
6541
1728
4536
4266
9560
3154
4236
8949
9111
4314
6189
9371
8264
3573
5679
3365
3502
4634
6434
3093
7897
5202
1825
8768
3730
3748
2471
3645
8464
4012
4724
2552
471
6010
3453
89
2152
9383
9064
7763
8583
2558
8053
5761
7956
6024
3898
9342
8514
71
7964
7490
6002
5681
8012
579
4667
7990
809
6521
5191
8391
9609
5697
3795
8683
7182
399
1576
2427
9612
6701
4077
7320
5011
5953
3144
8223
1302
1953
7846
4696
3936
569
648
9775
5639
880
4704
9371
6628
5055
5879
1046
8960
4401
4104
5589
4746
752
9768
3822
5207
4195
2290
5650
8795
5702
5647
6498
3494
8798
716
7737
9840
8245
8448
3599
342
1242
1234
4936
5624
1996
5320
2192
6584
2468
789
1141
7017
5346
4312
852
6715
6535
3788
337
4707
6276
2966
5001
6942
7021
7203
6268
2963
5632
8413
1513
2675
1414
9588
7907
1590
9362
8348
1193
4588
2118
1277
6046
9832
8860
2574
7520
7679
8502
9730
9082
3999
6966
9306
1661
5480
3618
1469
2806
3673
2262
4528
1781
741
1967
7930
1674
3834
6717
4681
9425
9218
4516
7736
5924
104
7935
5162
5379
6461
9230
1643
2323
5474
8775
3283
6461
2737
3475
3389
6116
403
3343
5300
5559
5008
4088
1846
3271
4989
1735
7915
8958
6649
3459
3834
4080
5153
7310
3191
7674
8698
6481
7919
2142
9844
366
7474
6789
2587
8868
8427
6920
6964
4248
7611
2392
9059
2435
2014
6673
5373
4592
8417
4411
9385
4681
5785
6045
1718
8754
4576
8333
6178
1338
2358
3961
8791
3337
2693
9120
2557
1387
1596
3593
7672
5734
3499
2199
4533
3819
7057
2884
9544
4471
4526
6590
7912
6660
1213
9784
12
2646
9799
7840
8079
1913
1781
3333
134
4085
1141
1758
6650
2171
5755
7285
8881
3712
7121
8809
673
2108
1550
6154
1942
6436
8630
2168
5354
3582
9254
9288
6828
7657
558
9663
9472
6885
3329
9
7992
2192
8048
7540
6526
883
4517
5908
8591
6258
9519
8817
16
8380
8759
5328
6555
5099
4038
8345
5224
6155
308
1970
1510
4561
6942
9866
599
4007
6346
5598
2308
2399
9467
9942
1342
3598
4827
2085
915
7593
1453
13
7967
3273
9447
402
3684
4849
5155
3391
6176
4805
5492
4106
1628
4180
152
2728
9963
9076
5710
7443
1666
3459
4974
4605
1235
4115
8328
5942
799
5439
4155
6685
9521
3267
6476
9120
2099
314
7963
7521
510
3557
3234
5841
4809
5541
2500
5975
8082
5983
8050
7277
9800
7846
